90
0.0 20.939353430557393 30.56020529320524 19.682044185551366 51.18630704711221 51.143508832412614 51.73380999567043 62.49748409051637 35.32622343735258 28.44105311529759 25.826892365651858 40.14545606975886 38.85999758167732 34.33052714097258 60.33636358189783 43.67535486701131 58.25284414773883 47.76454247393551 8.65162278804862 67.83278625249662 29.097578913941522 43.17354540834798 41.82789409342004 49.544444710987364 56.73573025541216 6.429826215475487 60.51910540963835 45.494901477902125 60.35924605171595 56.74365843531915 46.98671045818143 32.03204285633063 38.63463807344154 27.607607610116663 66.6684975130548 42.47043179608026 60.14760172172402 56.86035921879359 75.84794076441271 22.147217183028303 26.05662113051881 66.33186117446644 24.355563458126806 45.44277175081294 62.89565271361824 67.67664870788188 68.80059825579796 69.50251757359366 36.60787358523155 15.53552764909684 46.53966037351569 46.74748043517397 32.64161206623611 30.603755790049473 22.82737487616291 51.97347623237742 33.769138727032555 46.66166299043648 43.32056459997012 29.2200771496911 20.18653020273691 48.592498667189 47.76688067779457 22.40735650780379 37.772896551239235 34.58506986869137 65.29215280249174 41.427779464049785 28.738383902872748 35.97087578028237 18.490511330069904 60.035290423111206 50.035872873781166 13.97972768069816 31.694611716098837 19.920748061543915 69.73429780273725 52.236819400077614 72.92951246315502 31.871396295755464 37.12054884464624 49.8460879263064 22.030655725781696 26.490573866397273 54.77911943314147 54.755779243971205 28.79953237654495 43.03246759983821 63.93406613004416 64.25648770686156 
20.939353430557393 0.0 42.073295052922745 31.70001044395483 53.406536885107464 40.645823939356546 60.067269867095376 57.29307053089098 54.71553517930554 7.5349170722540775 42.29348501282832 61.08476965252342 22.985255317098527 55.0566453728352 50.26828702314657 40.887991351716366 74.02510577616444 49.63059819955127 29.423657463522574 51.1089326734989 25.4876576515986 44.60387815080764 62.65153201178233 61.434107528017876 69.8212646172438 23.33317385702061 68.33704164485587 50.40248880224586 40.86599727168542 74.88405448473536 32.2862798617934 52.714320937619505 59.33657616702531 41.70054800001464 76.88317615462802 61.824312065693306 51.673604217588085 52.85365423003885 79.69305304738376 28.654800728394203 45.3500557620639 73.17065181691565 45.26709689618194 64.75658132704747 45.346914627309324 64.21427929210395 55.839658707484176 72.30320263257526 41.645956711843056 26.683212932997414 39.890680505765076 67.67493848749164 21.744207643527304 51.18191993379678 2.594949451037206 62.23687304580086 54.51077269671512 67.03302645345234 38.91748096359151 49.44131772555842 40.76258910756889 28.1952965191419 68.3427640112596 3.0267708166253873 30.734905672514394 18.045753074094073 73.65357714749867 21.86593803779562 30.361619779242172 15.292559850081128 34.468181555115976 80.76636639457159 67.34194499460541 26.373168679710318 34.93247252370435 36.5831299342112 52.004296879144704 59.79468326392485 81.64498979375631 33.74631731464276 30.08142040364411 57.025536376531214 41.586995526718944 23.606169973797535 56.475422174484926 75.66741753082653 8.06915813696906 25.882193570489214 56.50012241528501 55.28972047298484 
30.56020529320524 42.073295052922745 0.0 11.135420422591725 81.28531071450203 80.19754501548796 79.45466486436375 92.95153306359983 50.49044244408021 48.27757885616541 11.31046313007114 42.15851965126113 44.56469181359778 42.78229905694955 89.69076839573493 28.08318220654376 77.94351579753982 77.9979411742187 31.071542022682475 93.18220063167517 59.25507781033872 21.66960212950677 46.985432903973276 74.79810216150496 80.19246124987949 36.17397490959441 88.11606114333208 75.04459507255189 81.98545710386836 71.79737375404315 73.82889159022348 31.48299602672543 46.0746744278 5.704943565050385 92.2677044544821 56.15816103602434 89.98895526763017 87.38284948532697 104.95294561329379 52.45213500494814 44.24308718643944 94.26800027737659 31.083755063368645 58.706256499210646 87.36817875346324 98.23656037541384 96.96494927586117 99.09835548876711 12.9741536544477 45.41017550596288 35.35211284292246 48.39478194063723 34.9597370463804 41.60124839498714 44.66669566425406 78.38955676356227 42.238507110689284 54.86714822377202 30.25524213433284 26.32984576449429 35.77430422837478 68.4811529613091 41.417137720645826 44.91409219854449 67.54837142315753 59.86614031178408 92.34064020506824 63.47906574491944 59.29300745993135 55.870472213948446 44.76743400193154 63.10290931562758 67.84936169011678 43.692146717074515 62.085772566988766 13.39255580640286 93.9575406782878 80.36611102076252 99.4246510202689 17.138436066205106 66.87450366348249 78.28774819734714 40.95661920689537 24.30599426386824 84.91965175634364 55.55326030092988 46.740856080219125 67.93302731090243 94.0585935959479 94.00730337295909 
19.682044185551366 31.70001044395483 11.135420422591725 0.0 70.76154255931988 69.10078711691783 69.99062322347615 81.88420781230113 44.762149354042734 38.35384531081374 12.06675250783234 40.64539020607425 38.18924917320216 38.921312659834655 78.5764310412989 29.53878548835135 71.37784686562769 67.38979564568847 21.618289422091397 82.69192168262832 48.143289458451996 26.10276090069979 44.59493755914978 66.22455469290769 72.31680745658883 25.600083591212847 78.73896816909748 64.79546998084805 72.23474322880774 66.75481073717425 62.997268596182764 29.976990682431524 42.79630438812823 10.042064501695343 83.68963865734389 51.164077359638526 78.85368566516055 76.3585038299085 94.96531084933409 41.77461650096623 37.20566645402381 84.77315575153862 26.591191516463443 53.947699503107124 77.0305749962171 87.2788592204809 85.99006178957268 88.86349231494292 18.17980608445428 34.90518556386311 35.107366008385824 47.39345852858695 28.982077528233447 36.75262985052352 34.26924873867084 69.41868951035771 38.33114114472757 51.749071836763 30.557928918327693 25.05425857649456 28.849550577344935 58.98160368194173 43.171014857440156 34.41890025626929 56.41302676567551 49.19039716457051 83.1996254309275 53.43515890931085 48.392124317794114 46.13849277979791 35.35632741268563 62.14091490085879 61.764670884162015 33.23249152405463 51.36125138977515 8.418503687483945 83.703454948106 70.74318486011066 90.53114069480473 16.662296401674777 55.73910348069515 68.52923419262933 33.47702491346034 18.497126153356664 74.37376468309132 55.185384877192284 37.15129214623514 57.391003779799355 82.93007641057756 82.87388658525185 
51.18630704711221 53.406536885107464 81.28531071450203 70.76154255931988 0.0 31.084597595581485 16.712118712598336 21.34420663226778 49.907561138552566 55.36249851511103 74.0801444475627 68.09508338320309 75.69351818999132 59.169042022371116 32.3082263262083 92.22855232828032 44.989133258113306 3.776772659927489 50.7283647926936 55.323918169133975 28.06078074705502 93.50565188079841 65.04352791941535 26.667894236060906 34.07227735488063 45.172496812653314 20.174919725583838 7.8882026224403266 62.076551041841654 54.69359275021378 40.94573405494911 67.8879785116437 61.2727447112026 77.44973847256142 31.46789676979423 52.99427401320502 28.181006125486107 16.154537958882635 26.296756288345446 29.047048836091477 46.56370078830466 22.35121981811231 60.22333046670891 54.34233735496158 55.44571054867089 21.130824053043767 44.202071149771676 18.960200962249402 87.62696629963517 35.88681274267283 92.73046777952233 71.2197722090542 75.01128780905202 55.717188196927374 52.22831530316042 22.535451054934338 59.06672369971785 62.624612334835795 90.93777415796113 68.90461984000713 51.754039048109256 60.488234521372 80.24900537521664 51.23074984141236 26.463266487467706 44.71674273124382 25.240939334360984 53.44581895118877 23.624131697942158 56.44695154790021 38.15720450146791 76.22066667631697 46.75055901241699 37.59507817909084 19.707583541214273 68.95317456644786 60.17900218717921 14.677966619441888 32.52204873823669 81.95896522325542 26.8240543875143 12.89233414197847 46.91477021646405 74.03581629194525 3.6553862103516446 76.28374291807906 58.17615767675116 46.59992030164406 27.29502012846002 31.221277744697744 
51.143508832412614 40.645823939356546 80.19754501548796 69.10078711691783 31.084597595581485 0.0 46.74699205870799 20.16698365843899 68.37715832860782 38.17518025911088 76.96273324709072 83.20330498966327 57.63881169469533 74.6794608864086 9.639986652258417 81.14687025839012 72.95324734822337 28.70085529528613 55.6676399955024 24.72927923959613 22.944640988749857 85.24919804036269 82.0195291556297 54.86690919170869 63.356256505287476 47.72510596902956 51.25946901248124 34.91999551187351 31.69828776746146 80.26583190988575 12.412734313110038 78.98746272210307 78.06639807547221 78.28021577200134 62.53451882307542 73.74122481877713 11.566162997471336 18.918585418777997 52.593766551747684 35.11066477748621 61.40442866089298 52.912909250537695 70.48322706698016 75.93830158597935 24.361173700301762 28.271771030928377 18.281793742502824 44.79242145307512 81.94330275376548 41.33555740680291 78.96912713187649 88.21503543287051 60.74268319356147 70.54616758734731 38.3373973911337 52.0221537724112 74.35033430264859 82.43492179085558 78.8570466704727 77.92790363200977 62.58403202809841 33.55492030239915 93.99551719105199 37.64688704945477 13.97458524184973 23.960322694606965 56.269249834843116 28.767254492092928 27.632782054817223 35.05640541672391 48.92657723492436 97.09999950848207 71.77854486528271 42.8330614120672 29.120696929145588 71.03263004082714 29.321620261329826 45.04162610900947 63.271530316194536 74.30902268584292 14.527307575212756 42.658025952870986 59.6576433200615 64.25097239615606 31.723989195182615 94.96011243379273 41.07815136598095 20.502736896779698 16.852699081172556 14.745687586895784 
51.73380999567043 60.067269867095376 79.45466486436375 69.99062322347615 16.712118712598336 46.74699205870799 0.0 37.74213321274669 39.02867834081226 63.811927939858315 70.54256781611592 57.897682652032884 83.04783702988011 49.35978702411367 48.915892689675495 95.15057436855913 28.552098953289963 18.15805487903861 48.48597481961496 71.3714574567619 37.136845650791756 94.87080550031148 53.92130527272075 10.780342717222254 17.376060384230232 45.30457965703864 8.787194470732981 12.04540260109731 76.51309741176732 39.11633219008626 55.16705063515826 60.078488988786795 50.50630336860304 74.81584633553264 17.256672470351194 40.33338080959555 44.874194345996685 32.83777710323138 26.597799829581103 31.80165081799284 38.60792297179075 14.813670410180682 53.56920024254354 41.0542423385048 70.91326885713838 35.923564982988 60.85903007599941 22.989116138656744 87.90973894875927 36.55596574393098 97.04538771648224 59.75353743361967 80.50424927486728 46.65222784137658 59.55070612233989 5.921440559671969 49.40802028391725 49.9530063638345 94.44575602668932 62.24044329364642 45.720084612602946 72.9644700934862 70.20116176313763 58.54052287406107 39.06680915631713 55.83002261156254 13.737460658747866 65.28677463684214 30.319363407195695 66.64914560998719 34.71529069767602 62.43871311248933 31.75977772390274 37.90127317635677 25.65611966520027 66.26776179697549 76.06481877420428 2.2377278351814054 21.657490807191053 83.60442391085407 39.210061881639234 4.091272856416366 40.3362652350741 77.30972032827509 18.203671713036027 63.66796662937219 66.31547154847885 59.51459939490274 43.9184291234871 47.92586272946483 
62.49748409051637 57.29307053089098 92.95153306359983 81.88420781230113 21.34420663226778 20.16698365843899 37.74213321274669 0.0 69.62919961290221 56.38275501263224 87.67934917872276 86.97423991298592 76.5759127268234 78.04115110918903 15.079922569698978 98.16050718335345 66.23799734689563 21.558802120181692 64.64052627682501 39.27947531457867 33.86224021274365 101.23694285036795 84.52985248416039 47.988629327789575 55.07591567392586 57.55391399786523 38.98573306778446 28.59803436258019 50.625152813936594 76.01742051403679 32.578749338474495 85.18398010527194 80.63950732666406 90.06271549720901 50.13707831409183 73.45254072294772 10.368481816914345 6.123369828609416 34.609608178990676 41.86621472281247 64.85942396678344 38.519563088866136 76.98487750952317 75.03272503234263 41.48647497363892 8.132197924249562 25.29452900770903 27.331255133329307 96.81461625543508 49.128173481531036 96.8873915097462 90.7934597683773 78.55613807056315 74.25911850209513 55.326702409993715 43.6522257638349 77.8527371405411 82.94752632449462 96.19990830368953 85.32018676723 68.51792126933134 53.71669713847244 98.79234090697013 54.478711921669166 26.61999531175261 42.72533512640703 43.02710888638568 48.73244443377441 34.19950233249638 54.4472617962167 54.273250941474096 96.92751158892945 68.00288793299329 50.87037242247273 32.7285961361032 82.0213590356925 44.49238410656149 35.581623660477845 48.68866056663054 89.87639789272028 27.289791461788113 34.13471335164695 64.34663273970742 80.47771802526798 19.575968941184673 96.42438092936496 59.356188737512454 40.54384439513846 6.70688886246037 11.412143861099242 
35.32622343735258 54.71553517930554 50.49044244408021 44.762149354042734 49.907561138552566 68.37715832860782 39.02867834081226 69.62919961290221 0.0 61.68171005395055 39.47572547965127 18.87427147072268 74.18130400928996 10.657738400742963 75.01966800608871 74.1828782099479 27.643833945473574 48.433316374185644 27.037010995305753 91.12470251334716 47.128972865091555 70.60070632928651 15.161547619765605 30.096920348879614 32.25781327245487 31.408940203675407 45.95874159958724 42.01942101198651 88.8189485597025 22.100135086213186 70.33216596111811 22.947920491592658 11.525196310135163 44.894031136006944 45.94030835444776 7.154737402519531 72.60447903822775 63.58024935538252 65.25360577701838 34.23284668871707 9.379025793780967 52.19142747305816 19.51339651420555 10.123252346404009 87.92961980837491 70.98809861260904 86.30267666461604 61.98513534678369 62.16086449140963 30.466964753892587 78.98738587719517 21.31232030862838 67.52284142914127 9.344017781836214 55.93003963423146 35.17503018337196 10.8469833810809 14.086876842211165 74.85728180272451 26.635731089889507 16.244589206828515 79.51012445949821 31.172820231581394 55.21107865686827 55.059720527356184 62.497746594950854 48.48229406993398 71.49534699782559 40.90878425010199 68.22159043726401 21.49863948072691 28.811451971535956 17.369978811514518 29.86244139578816 39.38768158875068 37.686832032692074 94.48627414225325 40.87802257508324 53.94001401952243 61.30269692291249 54.68569827783038 40.183082157822426 13.309629315586168 59.699972237770055 53.10784282923459 26.909751234687803 62.77940922140647 69.94817015164662 74.10065846313215 76.61735369321421 
28.44105311529759 7.5349170722540775 48.27757885616541 38.35384531081374 55.36249851511103 38.17518025911088 63.811927939858315 56.38275501263224 61.68171005395055 0.0 49.3613822290119 68.58063978311378 20.542878259734874 62.42855391339709 47.57905777360903 43.2203465031022 79.80491212365479 51.61187349682047 36.863936492666106 45.34535765659294 27.41989136494893 48.14623979722707 70.0583531671011 66.22567880315401 74.83797552154391 30.458380990618988 71.74084616005919 53.36129494309993 33.8829735255547 81.37477208005821 28.183974855122123 60.2487262822887 66.69379041206558 48.39587555777815 80.91365584600165 68.74394645053913 49.619612922439565 52.56253187778855 81.57044425474837 33.417399921851 52.356130920230235 76.16715359221787 52.78540615631743 71.65118949348208 39.27844160787678 63.780647549259925 51.7142751224822 73.95232729486102 46.36036982794571 32.68615779174943 40.80202482126075 75.14580516200705 22.57710918813106 58.50763567978911 5.770747277981117 66.52604649675143 61.88941917717427 74.25759722861159 40.77608868614165 56.949226716021315 48.11472153604726 20.846887955914717 75.87046709780185 6.476931683293233 30.58075009842695 14.265574532463706 77.13817321329859 15.208826293862684 33.531615714574414 7.889066107587824 40.96863145175724 88.11788360207538 73.63142302899375 32.6364141686114 38.2044757150232 43.75920594765711 45.75436847472794 63.30356791026383 85.12755063737944 38.04517927717196 29.996092362532387 60.488726147282186 48.68688548845507 27.500830773000455 58.14541736499194 83.12194800521905 2.9760937274399164 20.729599127424535 54.72035724150092 52.91069124013238 
25.826892365651858 42.29348501282832 11.31046313007114 12.06675250783234 74.0801444475627 76.96273324709072 70.54256781611592 87.67934917872276 39.47572547965127 49.3613822290119 0.0 31.062349899293974 50.23902026437898 31.48647336678921 86.15873896595495 38.394186231763186 67.0557281576254 71.03018015756246 23.400758388196436 92.57659282249382 54.799603767297114 32.74298262944036 35.75208314070864 65.04880566691125 69.91502094401783 30.132129790750362 79.04291136644314 67.32913253217268 83.14692739138032 60.56034996990366 72.21150469098166 20.30275752095095 34.766916194964026 5.607402756043941 82.41907411263077 44.949678483112336 85.8821997717881 81.85749855190687 96.58603978992429 46.06924544830243 33.84292187253454 85.29458553339165 19.97385454631016 47.45692551231799 87.20383714299494 92.28120461215039 94.5143556908111 91.17330849851267 24.007383356216152 38.789444323347155 45.05952004013088 37.47181800334929 40.9609102637938 30.440939976085534 44.77582825206697 68.96307058728647 30.947017097922078 43.57662294846232 40.13508956411092 15.131479599813154 25.52570363245822 70.17583504181006 31.696896673937623 44.76886649641214 63.569736100239176 58.95680148939272 82.99289379493317 64.15763446497039 53.506699165299416 57.23603484244231 36.34194161014988 52.25664193932586 56.84412304283705 37.02823761359328 55.643933654106895 5.963988638932743 93.9716847165934 71.64180396608711 89.80926487518163 26.23980559092069 62.92250751631719 69.76023873678322 30.894778127093495 30.339777483869884 77.73551822708438 44.88169469105191 48.45574569897846 67.346253138265 89.5188707381383 90.01235721141148 
40.14545606975886 61.08476965252342 42.15851965126113 40.64539020607425 68.09508338320309 83.20330498966327 57.897682652032884 86.97423991298592 18.87427147072268 68.58063978311378 31.062349899293974 0.0 76.42637915010644 8.950977609199594 90.75748792633772 69.3099738668389 43.05845110182114 66.29053248976453 31.799092243058116 104.27863062953716 60.6755829938976 63.775429050670304 5.630535173887476 48.8449329100251 50.05586545510844 39.11881208963729 64.76763066318682 60.23752356035819 99.408663603996 33.1736642921351 83.06330457503448 10.802078316379095 7.602983807039391 36.566090736601296 64.01293450042752 19.744802945361435 88.8617916811256 80.86026032339196 84.10223218938727 48.095684422177904 22.191674969924826 70.96268498844161 15.931921425841882 20.99540361231637 100.27728279115536 88.99617508388005 101.45098436838038 80.83856173554159 55.04069953685029 42.35921607724037 75.57981626737482 6.8593677993485285 68.190005234685 12.790567875834846 62.92737911229357 53.996606540968465 9.121573032257004 13.841264116874793 70.82134011644429 15.956098750512796 21.36411978945155 88.4193234451564 12.310696601023116 62.44953638770541 69.34986219129318 72.93942884766268 67.08286725130986 80.89736668296183 55.67376295572709 76.02120100861593 34.27745063154296 21.496450659532464 32.67419371217038 41.12871164355676 55.220108429771244 32.2645174469645 107.04899287696556 59.728805612967115 72.12199274256174 56.799696471630675 68.86906603809366 58.95231610887084 23.54637296377994 58.5380862155584 71.42638272242473 14.904923389667017 68.89564101058008 81.07823177255985 90.92326451340443 92.98707959301959 
38.85999758167732 22.985255317098527 44.56469181359778 38.18924917320216 75.69351818999132 57.63881169469533 83.04783702988011 76.5759127268234 74.18130400928996 20.542878259734874 50.23902026437898 76.42637915010644 0.0 72.20662059400507 66.66137301992251 28.019305758128322 95.92898410504279 71.92598611353101 47.24286064761247 59.29983293263894 47.640842653300616 35.40713301164388 79.22806437808762 84.22498752536053 92.46544650883921 43.50851624263514 91.28001692484953 73.19946840673776 43.97319877356261 95.49119134634851 46.405129899736075 66.49326459899898 76.48612553812764 47.08432842472041 99.85863025511411 81.31933305418448 69.20184198832857 72.98491548845193 101.96143493004003 51.581446749071134 64.91211348190716 96.01265734575468 60.71435990137776 84.29187851305429 52.713348470434596 84.12635612432514 68.90689277554463 94.39806760251616 37.283163220663404 48.91208935068844 22.945030861631817 83.2793462461567 9.61063684228751 68.84580484523603 23.632733826266975 85.18513769128269 71.61699389960832 84.96433064671015 24.799122295830472 62.10008631354197 58.651635405365255 30.68285505750945 80.92554985011425 24.64641788295094 51.10307650618851 33.88458410560306 96.61300506234237 30.25279891242602 53.166758857203874 22.73347116189858 55.757024965577756 97.48549427095563 88.47127060522557 48.30046306023577 57.789306249691826 46.02797660700861 58.117779352378896 82.74924257749564 104.60758557192453 28.979937504029444 50.52596005158635 79.97008229083106 60.89064436688493 20.308224115827585 78.56696555257888 91.32906351774598 17.61825266880082 38.10914075713437 74.4394770299808 72.18615254709977 
34.33052714097258 55.0566453728352 42.78229905694955 38.921312659834655 59.169042022371116 74.6794608864086 49.35978702411367 78.04115110918903 10.657738400742963 62.42855391339709 31.48647336678921 8.950977609199594 72.20662059400507 0.0 82.05506840040148 68.3781822433773 37.19036122477755 57.3416661067585 25.695047085347316 96.22425306525254 52.37378414629268 63.821350811957196 7.755194493450721 40.71257010656994 42.792850582034816 32.2253709291754 56.51645508211387 51.32052322758963 92.12717526575092 29.211515402127507 75.07342178550356 12.823050737529545 4.309523811333068 37.07950448874317 56.55833974469965 13.891282547041506 80.0643044866769 71.92984458249126 75.74311909682214 39.634851043726954 13.370097757758135 62.77550252817341 12.332456770028537 16.11862162862961 92.447535740481 80.0495765776868 92.8846850394573 72.2227555871979 55.16040174968682 34.29420466708542 73.96082576228966 13.632674634996034 64.59130121902598 4.204405056972217 56.68592875131621 45.73028058988681 0.5994317020422752 12.958108940315189 69.47802816578736 17.2063147343891 14.31950169065843 81.66700416158453 21.108685181632943 56.11510970811913 60.91034322398669 65.59318701103518 59.12904482770864 73.93852287609842 47.075139615803536 69.59563548164003 25.85591183595091 25.71671585782292 26.667951732474794 33.205696789901396 46.43078026036853 30.99628537873021 99.17062522039703 51.127728175201455 64.5794035360769 55.55309573146386 60.452626314466585 50.23965012627018 15.226260321013902 55.671072660004214 62.51788509855177 21.08370389858916 63.04070166444309 73.55638060360282 82.0446830804873 84.17510228212593 
60.33636358189783 50.26828702314657 89.69076839573493 78.5764310412989 32.3082263262083 9.639986652258417 48.915892689675495 15.079922569698978 75.01966800608871 47.57905777360903 86.15873896595495 90.75748792633772 66.66137301992251 82.05506840040148 0.0 90.67000131692119 76.55061745861612 30.93125693377895 64.40562308657879 24.300756576591496 31.593786481432314 94.86756139550266 89.17958611696868 58.1634997484092 66.14410487689989 56.58474681248317 51.904147956235704 37.887943006026596 35.96380102337018 84.97031240188879 20.426840239475112 87.19785279525352 85.22025434509005 87.64718860612186 63.25878501672001 79.89881831221193 4.746007680638247 16.925424341328895 49.621393857770734 42.95797503329705 68.69160707564079 52.40316361706585 78.72336659886186 81.892904450647 26.45438035016225 22.83868115235024 12.001073393797785 42.191973334527184 91.5803477483771 49.61058907663651 88.31361798443815 95.43261341447187 70.15488123350205 77.99750090925053 47.94108461231002 54.59644963997074 81.76659087465215 88.93902870708871 88.32983796878527 86.43411708269407 70.61221886171867 40.72285046257762 101.89825573054182 47.26380627754383 22.645129973182204 33.31643445736875 56.45969412841375 37.079554400278724 35.16620051734565 43.949109796476 56.63020881056944 103.4514845329579 76.59987206838464 51.19759572589029 35.713492505707585 80.25560522753486 29.484634031351867 46.9553368881872 62.74752046035616 83.94655214455217 23.274396863468922 44.9408429010053 67.30165768156988 73.86961651070732 31.840331572288903 101.85535043805093 50.445703859047974 28.824921301424588 9.40092819597159 5.655064023822194 
43.67535486701131 40.887991351716366 28.08318220654376 29.53878548835135 92.22855232828032 81.14687025839012 95.15057436855913 98.16050718335345 74.1828782099479 43.2203465031022 38.394186231763186 69.3099738668389 28.019305758128322 68.3781822433773 90.67000131692119 0.0 100.27828125057505 88.53289316743103 49.155227937769894 86.6199817265931 65.43411344473867 8.837798695873682 73.6813973867949 93.17652436113448 100.09317412630834 50.05410499592889 103.90510518318717 87.72540121979766 71.86817923851648 96.2354288462444 71.36447350126201 58.50789759741252 72.15147732208322 33.16019176018836 110.34384953260215 80.68089462393907 92.40054713914155 93.58073365790305 118.04357567565445 64.04126832565987 66.22462426386987 109.52823879631623 56.07163656570261 83.47868512152009 80.11389591802406 104.94587166354233 94.76317197640252 111.12816747487759 15.567172988847057 58.596794511948026 8.137696780000109 75.83294366972403 20.979700877590133 66.29131444220403 42.97575086625952 95.63539615700782 67.79296578846952 81.10462100145307 3.476550099137154 53.365168281551576 58.07845026926955 58.35818588094108 69.48837443038191 43.76652039852145 71.55993312617757 57.44260050365613 108.80989965906323 56.5675189481318 68.60887345285568 48.460742005998505 61.96258688111392 90.63176377248145 90.96988201214732 57.264482529551884 72.64975889261379 37.42536086928141 85.81571301654247 95.48423172656844 116.5272822328255 12.889855152998594 70.89731201258014 92.96221781290731 62.32153028985881 18.192759695399424 95.59269360656079 83.27214022471492 40.480216066403806 63.584452345078525 97.3203121995007 95.88284499177699 
58.25284414773883 74.02510577616444 77.94351579753982 71.37784686562769 44.989133258113306 72.95324734822337 28.552098953289963 66.23799734689563 27.643833945473574 79.80491212365479 67.0557281576254 43.05845110182114 95.92898410504279 37.19036122477755 76.55061745861612 100.27828125057505 0.0 45.692235049358494 51.318665576978994 97.6226747448725 57.4578210137305 97.45962586287204 37.64181411665546 18.409082236394713 11.780921100348804 52.69765137915675 30.337957652607844 38.66353333838446 100.07538786892457 12.73127011275632 79.22240303336967 50.00705348383318 35.79569695085752 72.40865880062455 24.111645245492298 23.510490122340688 72.80855303631614 61.12194957079205 48.358813011150886 46.870474717123585 34.17280493748341 34.99959439834798 47.133677865961374 22.079536454934143 96.19801219746218 64.33609081380334 88.55138250348091 48.283780859153346 89.22017013875536 47.3419411987232 104.30114555996052 41.713403676260356 90.76099759638302 36.92216340940278 74.4676164086687 22.63168636471057 37.573329563992026 30.52594229456401 100.56905398363357 54.10837751024927 42.56952292775842 93.83162773154575 54.03356307560213 73.55894418705635 62.5403206379022 76.00806619686648 29.796727955648578 85.70332659409964 49.9615860087277 84.77527712047942 40.23249156234499 38.66361629627096 10.527213386282659 47.735331521413755 46.176197853778774 64.88616396885168 101.95905542657273 30.759033302353455 31.982813292321264 87.53515832267264 62.45718950590444 32.11463272155111 37.98049343485672 84.4207855159299 46.74817279012685 42.496414972518615 81.64977938254661 81.68270125532932 72.28261377680988 76.10470601261417 
47.76454247393551 49.63059819955127 77.9979411742187 67.38979564568847 3.776772659927489 28.70085529528613 18.15805487903861 21.558802120181692 48.433316374185644 51.61187349682047 71.03018015756246 66.29053248976453 71.92598611353101 57.3416661067585 30.93125693377895 88.53289316743103 45.692235049358494 0.0 47.63851085717566 53.240934778891756 24.289274103339544 89.90167739841392 63.486462383258306 27.28384437018663 35.23043185548385 41.83743735683239 22.877134295023556 7.149921589023055 59.20762087661243 54.74785410315967 37.95438286760913 65.57382064639397 59.65490669874922 74.26948309453988 33.97851236779353 51.964851672296646 27.116954902902602 15.817679605880326 30.073212933180592 25.620366656900906 44.48161480937645 25.63706278152819 57.745834523424854 53.49180715836636 52.994703279400646 22.717282479047523 42.92345596899643 22.71595492316299 84.11541272841357 32.591495191787565 88.97992610080573 69.71250776597621 71.2414600166531 53.75674274200174 48.45266880759218 23.70175078421688 57.20606988304268 61.513121922132086 87.21653433644445 66.37103828963876 49.242668994443065 57.136946255686 78.34385895983642 47.454790163837075 22.991707535252655 41.129680379842625 28.12298454349822 49.97624530002776 19.925257683222302 52.7994394524808 35.403208990423174 75.39163845157321 46.5986798616833 34.3201222386147 16.144765771949412 65.81142889995961 57.98116270938962 16.362388141476814 35.634696773484585 78.350736442178 23.318153591612557 14.104093295295103 44.560423847101916 70.3407221848677 7.085957884387294 75.07377740683866 54.41820207382402 43.295796223148805 26.95385894780438 30.494877578810367 
8.65162278804862 29.423657463522574 31.071542022682475 21.618289422091397 50.7283647926936 55.6676399955024 48.48597481961496 64.64052627682501 27.037010995305753 36.863936492666106 23.400758388196436 31.799092243058116 47.24286064761247 25.695047085347316 64.40562308657879 49.155227937769894 51.318665576978994 47.63851085717566 0.0 74.23272166703754 32.82270078147153 47.27757690379103 33.236501685588074 44.6702702502637 51.07788886674788 8.072892578941618 57.202614375058054 44.14979462923371 67.93249685690309 48.7957486840119 53.08455518605422 24.462277405060206 29.995280716405816 26.808700263164937 62.11059764002951 34.136591332507486 63.62507964365682 58.72647197111817 73.8896794956274 22.813285091057285 17.974670126965787 63.293325639602706 16.30875424541556 37.105944765365265 69.67178718831954 68.97181292078126 73.75827252029345 68.14124375405024 39.743770870678006 15.524630324294835 52.98579627331535 38.293350518030955 40.5059000099378 21.952446368442182 31.16789666961877 47.80040864109524 25.13775986863458 38.021608990054446 49.28738924540276 22.473982688676653 11.542695093615336 56.64185774300758 40.18769297841863 30.66451615326775 41.81400329453694 41.68517182995793 61.60011189245724 49.21605501428293 30.46108699841539 44.22949230271104 13.777452050956068 51.408499032252834 42.51824593387158 13.77415877072659 32.30414873293102 18.255698187541523 76.50789970328758 49.33105146573129 68.91286428686173 36.62868605251854 41.212710327413276 47.221120707424326 13.903918576309598 33.186230228889144 54.38292483924065 46.25816571906233 37.366417436976384 50.02325378358209 66.9033226349944 67.80439156826414 
67.83278625249662 51.1089326734989 93.18220063167517 82.69192168262832 55.323918169133975 24.72927923959613 71.3714574567619 39.27947531457867 91.12470251334716 45.34535765659294 92.57659282249382 104.27863062953716 59.29983293263894 96.22425306525254 24.300756576591496 86.6199817265931 97.6226747448725 53.240934778891756 74.23272166703754 0.0 44.038802967340004 92.70888743651834 103.83382701941893 79.59030954332043 88.0819676887406 66.19514379428706 75.390676611284 59.62547366874229 17.149446521640705 104.55157204389826 21.23756320492472 98.57839070550436 99.943134323461 92.60190707610295 86.7423459918587 96.98100354107149 29.04228796804789 40.98500257523499 73.884274213581 56.95066573404861 83.34109393144666 76.39516340673812 90.17606929481252 99.35927331260297 6.615412090828536 46.68233433923534 15.787197895432655 66.49188644499353 91.63629917833136 61.955697638688946 82.24162072343694 109.85584326182699 65.74282587199562 92.02263831024662 48.51586779648323 76.72195333617755 95.82648253315058 105.19486533868665 83.67003973360903 96.6347424141305 83.0227814213564 28.71132677043439 114.14602940900001 48.29491763706786 36.26664779969529 33.62440110648527 80.19006638506346 30.422416173817396 50.37749820089659 38.565834837966655 70.45758380737631 119.92666612395648 96.04223252150486 63.15001834026303 52.79993011602253 86.66251426775582 5.23482095916443 69.60214649949393 86.77619174987788 83.22123226893643 36.56824420342284 67.2912595405891 80.99808235953334 72.64411198578594 55.44458063840249 117.05884854481707 47.45179291985642 25.304421756801766 33.0249707655077 28.319145077621712 
29.097578913941522 25.4876576515986 59.25507781033872 48.143289458451996 28.06078074705502 22.944640988749857 37.136845650791756 33.86224021274365 47.128972865091555 27.41989136494893 54.799603767297114 60.6755829938976 47.640842653300616 52.37378414629268 31.593786481432314 65.43411344473867 57.4578210137305 24.289274103339544 32.82270078147153 44.038802967340004 0.0 67.78843215740696 59.9031900032702 41.38258301560304 50.2878928118827 24.99841080188593 44.64513397460185 26.09720959196183 42.944931936575344 62.19112079157117 23.245378026416457 56.06860009403437 55.98746543465637 56.675876443579824 54.3910107784998 53.17168458276631 31.082651433061653 28.61855875159594 54.349079920966425 12.913384192865088 39.33954291283305 48.823918390080635 47.562296453131246 55.66631122313973 40.86283555219848 39.87042831005212 41.1803204950785 46.86760873110699 63.02187773294357 18.46299543382389 65.21151600960958 65.99606428115433 47.21214626228575 48.1891076642646 24.18741398490491 40.6200504669285 52.00338053334641 61.179341695729505 63.823789091859254 54.99309650433608 39.77051256737373 36.61144642803255 71.1896487907103 23.196336373125266 9.002217664914998 18.947271537160017 50.073751096711824 28.616609211782126 7.5071022115613655 29.525208928510168 26.52271310898952 75.90913820388141 53.762438388249706 19.91199231906283 11.761846859393698 48.96086633804149 47.3659127799999 36.373105018552835 58.02308270386278 56.316893140618724 8.42140046850396 33.54728206258095 37.18673484205562 47.38229613472837 31.025360456046332 73.07028178271403 30.176305067709254 24.268430772878563 34.856200210902884 35.218351661259966 
43.17354540834798 44.60387815080764 21.66960212950677 26.10276090069979 93.50565188079841 85.24919804036269 94.87080550031148 101.23694285036795 70.60070632928651 48.14623979722707 32.74298262944036 63.775429050670304 35.40713301164388 63.821350811957196 94.86756139550266 8.837798695873682 97.45962586287204 89.90167739841392 47.27757690379103 92.70888743651834 67.78843215740696 0.0 68.48616068789323 91.9115061590483 98.28885272464714 49.590254807681404 103.65796693513308 88.39539074529615 78.64147654111132 92.40861754158836 76.25388676907666 53.04238482888042 67.34205054499365 27.2093455519534 109.30220655532158 76.74530614276794 96.22010962517048 96.32569974516859 118.8111858114895 64.70456675844711 63.29434500034298 109.50328337798346 51.71760717407511 79.43072348634244 86.30854213903723 107.63647513147991 99.84024076192566 112.20520044101877 8.736404767867468 58.62065138995846 16.947255395315192 70.0605736400704 27.18434406613867 62.179925581343184 46.93611765719544 94.80685880552491 63.25494567250033 76.22678553499244 12.202250213193471 47.8724168718665 54.8990934922143 64.9620675109823 62.77541505997367 47.60390060501758 74.66301465725759 62.06623075813055 108.35143453118928 62.35344151503353 70.0756131501815 54.18808754888042 60.730892263718665 84.77198694537735 87.75344177388823 57.12855139423129 73.79872658862924 32.99640189965557 92.26698646947477 95.40811816142282 115.88038664445504 11.553629608542884 73.98600399113762 93.016760753459 59.57969871293824 20.998288640918346 96.98739316871135 77.20386469571883 45.63272202532836 68.8427717309439 100.94650270250396 99.8827817643898 
41.82789409342004 62.65153201178233 46.985432903973276 44.59493755914978 65.04352791941535 82.0195291556297 53.92130527272075 84.52985248416039 15.161547619765605 70.0583531671011 35.75208314070864 5.630535173887476 79.22806437808762 7.755194493450721 89.17958611696868 73.6813973867949 37.64181411665546 63.486462383258306 33.236501685588074 103.83382701941893 59.9031900032702 68.48616068789323 0.0 44.46153740379845 45.08712955345397 39.947341702290714 60.426071661761554 57.15595018304614 99.88020231829586 27.550108559698266 82.71603203983801 15.521298013148112 3.9600035045852175 41.32711298539073 59.09224684384866 14.616483036241783 87.02500527984404 78.44825395095954 79.82623828177914 47.08881626996799 20.62388954160576 66.54092159594846 18.588673714854455 15.565628444952393 100.12852064953925 86.09815047408952 100.16696876465049 76.91020223815093 59.753816017220295 41.957387662197405 79.68560106782374 6.2786867668195585 71.33032879106717 11.922023116422999 64.32920294040288 49.71368572606629 8.243383995782569 8.26397744815823 75.03282632770835 20.656257898387878 22.005290241963756 89.40046173772691 16.760023656960026 63.77607271788756 68.33759770805227 73.34586688706314 62.47445928238262 81.68679311626393 54.38708794062961 77.28169817215372 33.38975257889559 18.291997685360123 27.354153923009836 40.90808932929387 53.475042822622214 36.34101149092223 106.83684392874157 55.838991745629535 67.22974402939336 61.016608088355014 67.89749340730695 55.2614536768953 22.88026451472233 62.03528018043241 68.26334312758335 13.334739510219046 70.60209879028389 81.29538812560327 88.78965091724278 91.09949285445404 
49.544444710987364 61.434107528017876 74.79810216150496 66.22455469290769 26.667894236060906 54.86690919170869 10.780342717222254 47.988629327789575 30.096920348879614 66.22567880315401 65.04880566691125 48.8449329100251 84.22498752536053 40.71257010656994 58.1634997484092 93.17652436113448 18.409082236394713 27.28384437018663 44.6702702502637 79.59030954332043 41.38258301560304 91.9115061590483 44.46153740379845 0.0 8.917256816609546 43.256052817379974 15.964902403483316 20.279658028224134 83.05822797908212 28.364166163451692 61.89873979530019 52.303450768494955 41.29677736632752 69.77041338629911 17.485253650079727 30.35678606606231 54.39961962342939 42.75898853182759 35.374081724163005 32.8652951655902 31.621257503459294 22.117854670057632 46.680568371394386 30.774178811195103 78.4900172913807 46.62028346486786 70.16440793206604 33.048030178582266 84.39194998713224 35.66023758503777 95.94396758988881 50.04597319377738 80.49001406759383 38.53575685417421 61.371213925799665 5.383519601259394 40.846539968063226 39.823003872662525 92.86106963964286 55.0812034650952 39.578739665898986 77.97969701835616 61.04828290799231 60.39308289328183 45.28457888266422 60.31223468093917 18.49766310986649 69.99776645484613 33.95766711794887 70.16925748424052 31.251318071090026 51.84585048054143 21.008735596274278 36.619193719856106 29.663243005059783 61.41491170143289 84.0518853150337 13.00841274022293 24.779425583124294 81.02842864233918 45.28501580063824 13.890718036940253 34.16837956685005 75.92147020814102 28.656235399955932 53.44313735722208 68.44204221312063 65.15177312094644 53.93413393040236 57.70751343546293 
