70
0.0 71.18069862484391 64.08755736781089 104.58616777752233 11.489271794963718 47.707836954599784 35.37114485843468 84.37856236853489 13.042337155894877 79.86327566534254 65.56112112987992 20.73193626130716 115.2076168662016 91.08091423064715 82.20471160505198 45.614563980656065 55.32143064302939 87.59094296294856 55.997436751334575 22.087102113623967 109.40444525151563 27.243410908995134 94.95151493175908 72.01936842104976 32.65814680033446 75.35835726293622 96.25201397934218 77.53029103379154 90.1505446218116 78.37400439964503 78.03701122917148 26.60480863725927 36.83806721056138 66.17042972022622 69.15226630935327 34.26281018096507 90.7178811119281 27.685458683270888 17.57803218795441 82.71688084186275 32.437788349802474 72.0366494943611 62.50618485328932 67.02189210406702 89.47087847852494 107.24017459203002 85.44921236240644 29.450007621355947 99.1163950241549 80.2324934959728 64.22913075650544 84.51610505866076 70.07121893221853 100.75658584965629 73.43092537254519 47.04394276978384 37.8045864682646 73.85794975347467 90.654704293439 55.87854287059361 79.11196240148364 86.19592214577305 23.265736177794086 1.6553861054808452 66.05201113542199 39.44438409967463 76.7744290334139 79.05286378053097 57.69132268882692 43.80543636278345 
71.18069862484391 0.0 91.5161728240608 67.7384549623914 72.25200755060725 26.488694371064117 36.31032244415265 92.79335237154868 59.58875201159969 74.32568589897411 93.18872433737987 59.07535473279831 62.177770147595446 24.394702303070495 43.22855075054067 57.533795502751964 18.812435422515325 26.058078422503772 17.163465494243336 69.43625988554692 72.74944965745027 61.524080693000876 57.658954574708915 28.8453395381783 52.6920946871023 70.51896287868092 62.97179429827745 82.58194237061717 75.50674656255767 60.028669652281266 48.366979158038966 70.79413686317788 62.78125371814462 20.068603643958536 15.163334026529554 38.43283213578097 51.79958338859723 43.70990572303596 54.90153592954301 42.85741738863267 47.177458580226876 33.915819798083554 22.729449576039862 84.74439338028746 83.5631449837767 66.57039278500845 89.6345545025706 42.65222572347075 35.23803092060728 25.30705924535294 14.75227680938498 37.2384884597332 51.52403066337536 48.26025064864756 55.113470642324344 24.172483683611674 78.94055026208666 47.22717383413309 21.0598854418386 71.89751937267133 24.062434490403625 68.86383627416629 56.81750529546828 69.57147674363776 20.303285732463664 61.50854700335332 6.182164002277035 73.25933830675564 71.46728755110034 75.1166020102029 
64.08755736781089 91.5161728240608 0.0 74.65589626414527 52.66943088909948 84.47366972778677 74.19047746078202 25.687150694876536 69.58450595164494 36.23836184356754 1.7528704499674885 79.49887078438792 96.53988908234588 96.78112466265131 67.54921723024863 34.45091594048345 73.61855566746102 116.92823329966201 75.59826247331063 42.36567334094009 77.29823694107199 41.50254361160919 70.24495242755776 70.17220773712035 44.98996361226142 34.94040529172876 67.20809837121423 25.485566579088474 47.94092616936444 48.25480782763114 58.653978363125916 37.78255887569357 33.54492491750997 73.51711688840707 100.05698083835136 76.46314878522239 70.00371867810716 70.06174633096163 70.51700767817252 68.43646129326933 84.1429853445932 65.9359935671392 69.7516468321028 11.137936999316643 39.9786872641971 79.64361925056299 29.541243395264296 62.68437744435054 98.21366567015313 80.77122579009573 95.37343209337946 75.38442711338413 48.61865059000272 87.17066316332928 48.07390432194208 76.99987096305115 26.35130297935497 55.761533359086606 100.79432681565422 19.772493528361032 80.59859894942232 48.94787723956288 48.936336306641564 63.583665603199066 73.26671139360937 33.07761905772786 93.76354378997462 36.32535558394099 20.640271752719627 21.40841641541679 
104.58616777752233 67.7384549623914 74.65589626414527 0.0 97.73491144253003 84.1081310634706 84.40853644676334 56.68628391415152 99.71203187940745 38.61962268515279 75.43151115429345 105.58777133761922 25.073325203527535 52.10821581350733 26.033426501421218 61.27619749450882 63.61874375567714 89.51923929191123 64.9126397492248 87.84185550354434 5.257288745487354 79.24617051561242 10.696342133768699 41.18521018710439 72.03479527341752 39.80893982402126 8.485129654952525 50.47621221624448 28.22060690764685 28.503236856164744 26.831859145036454 85.36803346480261 71.70485224215851 51.37019531725007 82.83057225987206 87.94869838463828 16.4446079082434 87.4490461468991 96.78657448438135 26.05284595029314 99.73345210954734 37.6736215456731 52.02784761449482 63.535529115902385 39.13484494153542 5.458089987435689 51.347439807590945 80.07315629812224 44.831668135166375 42.53197568420874 81.26982669104123 30.50033945333351 34.775146313481265 25.156091501043022 32.02088790950926 75.83868000429517 83.66442192126968 30.87885146187234 58.95529311753931 60.96853826622816 43.71629271938004 25.72721568138793 81.39825910670997 103.1077369645566 51.25703798456114 68.74570814301887 64.49607391592474 38.40469061873859 58.857104966345055 74.83442817912176 
11.489271794963718 72.25200755060725 52.66943088909948 97.73491144253003 0.0 51.49609865819958 38.613047935079706 73.54286408653157 20.766249076800115 70.40062851200398 54.123607849689904 30.255967233301877 110.41108220018597 89.94283663236696 76.92897943626545 37.08614741364421 54.8158611925317 91.33243324876692 55.873461995521275 11.309841952693226 102.3485690515669 18.561769681238307 88.59922858848209 68.45582308954756 26.202287111905008 66.05892109739565 89.28728945976033 67.1458077979511 81.19991017989868 70.52095308633842 71.76219103930167 15.578365365083105 27.36342496814337 64.06002584476224 72.61510892627534 38.54142486936242 84.8337665705884 31.125494917379722 24.076211946805568 77.53029775310065 39.917002744142664 67.67076231378299 60.08659620888467 56.01464394768207 79.65194468554792 100.8134977291646 74.88881730339622 29.637490600846096 96.99317232046315 77.60844739013704 67.52213328452447 80.31042629987324 62.96186625211753 96.41433411597451 65.96746521508268 48.82606002290467 26.3473820319369 67.53612024931383 90.38854219565387 45.53111858707461 76.61414210332698 77.73906636255472 17.509315013998084 11.24345579114816 63.90479314474307 30.19967546628234 77.37478052953094 69.65801314078156 47.46145574158203 32.72481736451815 
47.707836954599784 26.488694371064117 84.47366972778677 84.1081310634706 51.49609865819958 0.0 12.892554318511637 93.071501358085 35.10007037893533 78.33757702950008 86.22633939587611 32.96851804159336 84.53728736640164 50.222219532942944 58.075188051005185 50.76827887170156 20.491227431039334 39.99390798909081 19.256803819997877 52.08346426243578 89.36104504809987 46.43809184598936 73.42017285840952 43.08289096997189 39.9284650622226 73.76487521834093 77.49414070776872 83.22356730815335 83.40073689183524 67.6762735222333 59.46640836906414 54.816593763518206 51.52548189049484 33.15340601454431 21.44540584385572 13.44702715069435 67.70031102579904 20.442642601304648 30.350260527283783 58.084411597699436 20.69073283541473 46.47677448576539 32.08032663509808 80.66891853986209 88.66379372691338 84.4024463181523 91.28581952443534 23.653565174771632 60.47633316756154 45.70592574193086 16.55231563671163 55.35306155273832 57.78072118073159 69.74320084168457 61.95248673596063 8.933609744925583 65.47299512891365 56.61277431018897 47.52975438809652 66.72758954400017 44.32925956489023 77.19555180023616 39.76363914140741 46.21916836756946 33.2200861665029 51.49092809190839 32.65817767150016 77.25122236079986 67.13074251191696 64.57330757945901 
35.37114485843468 36.31032244415265 74.19047746078202 84.40853644676334 38.613047935079706 12.892554318511637 0.0 85.3696513409931 23.3072548726856 72.69775475145357 75.9374556976357 23.71449800606872 88.55326426566627 58.159061622511075 58.8432174551409 41.831836686667245 23.490392573349638 52.77454292698833 23.35320238526903 39.48305626033126 89.63532607918977 34.51785226428166 73.79464409732286 45.056061448938244 29.200705465505386 67.96493953603039 77.03237879480925 75.93664727536209 79.37736747672054 64.23579715891478 58.244622514707615 42.46235104222739 40.71822627064134 36.40538276343973 34.10439994571263 3.550512452918631 68.42448930925798 7.71740465588372 18.59723129720357 59.047034431510895 15.331502658113632 47.205034879554184 33.91473889303629 71.54927767434626 83.16715570506177 85.52624826481883 84.20087444223573 11.666833360514882 67.48283735535414 50.38240064715676 29.06630484334656 58.02396231704988 54.32539292716015 73.6053731855887 58.47444348793612 12.326490025103226 53.565576004380226 54.7694605382582 56.660484474851586 57.6270778683477 49.073817885138794 73.62248959374845 27.480952081827237 33.823160986038374 36.381617573346475 41.158585074149286 42.18674798001952 71.64477126770396 58.34957800912778 53.56484669500658 
84.37856236853489 92.79335237154868 25.687150694876536 56.68628391415152 73.54286408653157 93.071501358085 85.3696513409931 0.0 87.03492991335116 20.59971422736411 25.368704391660298 96.38889012486061 80.96091923244431 91.37134739663067 58.33325905804567 43.7929093474508 77.49008114724977 118.8442374348222 79.52133568150678 62.358425638431726 58.02724471610876 58.34032468028322 55.47080320750625 66.3712273107696 57.9779266594259 22.98473810350579 50.8392165762437 10.217067555620826 28.480108171998275 36.60664012597064 49.493847963316654 57.96563727304411 48.71249546932973 72.93283041890658 104.30734747141838 88.31735689206369 57.24296110425639 83.28404538040708 86.78923771360722 59.18944672042756 98.02395062328182 61.294283235139446 70.0733982808108 17.766927520793768 17.762315513014524 62.08866570395899 5.372285813059562 75.00313280748186 89.87583942026505 75.70333039223792 100.30106635179456 67.04593965499255 42.17905811887947 74.84139238580491 39.51236362235167 84.51180844537177 48.70785498335716 48.28552458066162 96.69893412469659 29.12070458912914 75.97540106335772 32.410814547011974 64.91717422830885 83.5449342105117 72.6862340332352 46.809265906150664 93.37717551732966 21.41916484911517 27.759083042535224 40.90216998925936 
13.042337155894877 59.58875201159969 69.58450595164494 99.71203187940745 20.766249076800115 35.10007037893533 23.3072548726856 87.03492991335116 0.0 79.42405387651836 71.20072561935703 9.996974296060236 107.82839069545825 80.71774825805255 75.78566028127328 44.882562121242756 45.104538799515225 74.78272713849667 45.4701402802714 27.760584678743335 104.74160834835284 28.80194893038043 89.57788946705878 64.02952286006025 30.414724755501272 74.71670930665145 91.63931301230696 79.08352412335549 88.60233693231955 75.32410359922761 72.88102862425342 32.18334181949545 38.32394903895135 56.98091289015313 56.487796863644775 21.701885244936086 84.8458619074183 15.953041709453176 4.75821686228423 76.18847030916939 19.59469634693029 64.85742783971325 53.688748683404384 70.53925060844298 89.55863250472792 101.79607279395472 87.30984287564037 20.358879366510422 89.43109571969607 71.20876502550425 51.65176016085522 76.91425702709647 66.19556931133506 93.06172220224893 69.9467192926233 35.46233704232382 44.36100496914675 68.86142832300575 79.69053820198069 57.921800635985655 69.99653874239988 83.90270015036164 22.187211358130487 11.785397916205357 56.897480387786665 40.316427849743526 65.39853199520118 78.5040252019125 59.40630297775999 48.300805470161066 
79.86327566534254 74.32568589897411 36.23836184356754 38.61962268515279 70.40062851200398 78.33757702950008 72.69775475145357 20.59971422736411 79.42405387651836 0.0 36.91161371511752 87.79925703401882 61.68589640519161 71.0380819509981 37.77399761316152 34.62590394866177 60.70041000903943 100.20402632352055 62.67063880349937 59.23539193557423 41.06864775005651 52.61989554650215 35.62118803318747 46.76067078007315 49.0130534107029 4.776015512421002 31.659481715299794 12.149755344158846 12.12668899572849 16.049397121535264 29.02935369186555 55.55901805181048 43.12720995445838 54.26139404272007 86.88142455307596 75.98549625214135 36.85813825515901 72.25171378916258 78.10534903089177 38.62341623340057 86.80196552364637 41.575434111981714 51.89359466342305 25.105077481468218 10.472054279632097 43.76733869269362 16.130995928039535 63.80818585616177 69.28153121693067 55.578791328399 83.29302443802051 46.50764441665505 22.82352724042804 54.50805375308599 19.55010283161142 69.46211990756083 50.040740880179754 28.202256967218336 76.55981278561481 26.208958228686008 55.94594717222357 12.953635393409991 57.64059135811912 78.70585426305713 54.02478771319546 40.430980392115934 74.2831282236521 1.094322642855851 24.01184427985336 40.97763855038787 
65.56112112987992 93.18872433737987 1.7528704499674885 75.43151115429345 54.123607849689904 86.22633939587611 75.9374556976357 25.368704391660298 71.20072561935703 36.91161371511752 0.0 81.12604920412669 97.52907819826244 98.27018024467549 68.82034972713497 36.17796521295259 75.32390141733538 118.62697736098333 77.30618065627377 43.90966241141281 77.97833852578574 43.18838484753489 71.22431315919195 71.6729047261712 46.73728193699372 35.815697518588834 68.07384057656527 25.86645833412088 48.48073103634478 49.303819078821945 59.893337117136326 39.3308724350494 35.2833606201973 75.1245143980837 101.78332029496805 78.20385920746651 71.10073465035218 71.7889541082352 72.17434301794228 69.70900253257221 85.8503462430334 67.39534877752587 71.37679704019922 11.92431767764952 40.2163185895657 80.4628615296283 29.452371588357334 64.42670008861158 99.58955688283791 82.24864106372905 97.1058810297582 76.71816152313112 49.92945065645764 88.33527531255343 49.28164412500038 78.74779613852708 27.781995222329 57.06578845570351 102.33281485791682 21.386739778463877 82.09167623815837 49.706378810610836 50.63095401920591 65.08002018255172 74.87380262172745 34.82889128893035 95.40056518222296 37.04640780436252 22.17997514428881 23.082723617303916 
20.73193626130716 59.07535473279831 79.49887078438792 105.58777133761922 30.255967233301877 32.96851804159336 23.71449800606872 96.38889012486061 9.996974296060236 87.79925703401882 81.12604920412669 0.0 111.73341389211278 81.73620931205228 80.8078423403242 53.56845684155758 47.13155411898738 70.97029250228552 47.064143601451185 37.75658778603221 110.71972563077998 38.44424470452382 95.20216172887972 67.93217746631673 38.9707217662689 83.04809167403826 97.75359484776565 88.16219045975171 96.43027648456663 82.52157308640126 78.84910082864313 42.178057065977505 47.770527956814504 59.847586882272594 53.473039056256845 20.890376479430042 90.16445649881832 18.37369438322941 9.712860205516632 81.12040490260348 13.44038343103602 69.45228665186029 57.037902907511786 80.15424042207091 98.074658018811 107.26455821995113 96.44123313441577 25.572968070060426 91.18895071747318 73.95549466117716 49.030571935741044 80.94629191747579 73.05422780288272 96.8168284929987 76.9731327155815 35.84173165111636 54.3579791392164 74.99358801229114 79.87496930392535 67.27645328310129 72.66612240285147 91.4077728176532 31.4946051665504 19.97070532002128 59.80425329889952 49.58029805702536 65.14840800454766 86.84210541208653 68.6634624795408 58.16770505673071 
115.2076168662016 62.177770147595446 96.53988908234588 25.073325203527535 110.41108220018597 84.53728736640164 88.55326426566627 80.96091923244431 107.82839069545825 61.68589640519161 97.52907819826244 111.73341389211278 0.0 40.123452372810654 33.58084060328875 76.71011107950456 65.32314020322518 78.31711096016328 65.9244295891943 101.90991008082372 26.078061222972952 92.76692850109413 26.306849067812415 43.86426768441105 84.23716213626308 61.82511685075339 30.15444794032635 73.82273644083723 52.589054195598266 48.34398382625471 40.295682041272606 100.33362476907487 86.99098509507051 52.20900666543714 76.89247323024864 91.87865932596347 27.23050270418514 93.42775014029345 104.11148578062696 32.92972727748611 103.22385936660892 43.18411408146605 54.71298951336006 85.64291036800353 63.747903673857216 19.697472289920647 75.70202921704357 87.47054238349607 29.625688531873752 38.8316648849752 76.89904087014854 30.915035173057348 50.66659732314908 14.94896831729387 49.598487012887055 77.70803454518801 101.1539693301896 44.302555045644894 46.58672128696944 80.49281792346379 40.208034133130866 48.854778306873754 93.06586783876631 113.60684294803085 52.21521472700946 84.17269205596935 57.183463761779024 61.254544780873765 78.58583777038788 92.93575907856518 
91.08091423064715 24.394702303070495 96.78112466265131 52.10821581350733 89.94283663236696 50.222219532942944 58.159061622511075 91.37134739663067 80.71774825805255 71.0380819509981 98.27018024467549 81.73620931205228 40.123452372810654 0.0 33.70448711706856 66.1182885166919 35.7733562091846 38.49030269621352 35.254774414142375 84.71655493100376 56.425776837404726 75.82362847219703 43.92231237301318 26.624517109105323 66.44145679972227 68.42293058295932 49.98430339065352 81.65519498073603 68.23037141751301 55.06481694764393 42.035358434695574 84.93493697711374 74.1178425587957 26.29850767033505 37.77635331592777 60.84632993367191 38.85765492362963 64.85139417506541 76.25178570040462 32.9405496379887 70.6933043821462 30.9637227123068 30.48325250852129 87.91362594075328 78.29600356183269 49.36850402438276 87.16669708607101 61.637524663271144 11.121758381741529 16.054430511567652 38.79662423577628 25.06992220181038 49.672308119977046 28.320503154375878 51.89455428481526 45.901689195397346 90.50570990815429 43.12811614414964 6.882110661811611 77.26261843336779 16.185399135516196 61.898644603306586 72.96671784536628 89.42841380621417 26.49284817438333 72.0570366352095 18.472025517833888 70.1128220027809 76.16429812856217 84.62966405026451 
82.20471160505198 43.22855075054067 67.54921723024863 26.033426501421218 76.92897943626545 58.075188051005185 58.8432174551409 58.33325905804567 75.78566028127328 37.77399761316152 68.82034972713497 80.8078423403242 33.58084060328875 33.70448711706856 0.0 43.45326329628471 37.58703054173437 67.12697516343303 38.88458084760849 68.33007462832084 31.285860421916855 59.18739213183359 15.35313122179998 15.270182066517936 50.72990764150652 35.71784968034508 19.949219060527216 49.028423760299646 34.61596772094044 21.72970812576827 9.063194869185114 66.81316567705966 53.58705648167559 25.482978178562508 57.98499894152529 62.35725512167251 9.655966373034193 62.47571866816036 72.4509343334654 0.891592212706836 74.11195518351165 11.708304520543495 25.995315751201318 57.48704344796654 44.59941722162305 26.687470028182734 53.86334332180491 55.627470489016005 31.618822664771645 19.50085862472759 55.939399667699334 8.755825468521675 19.010894837773677 20.6330971488073 19.729515138169315 49.849739135543096 68.29348378718016 11.897733793012906 39.73367027412527 49.45268795652566 20.310854347639896 28.21037448257812 59.68611420044828 80.63477514469503 25.353405540532645 50.82379018522951 41.0433032019113 36.918368315768134 47.82516354228021 60.49895204369496 
45.614563980656065 57.533795502751964 34.45091594048345 61.27619749450882 37.08614741364421 50.76827887170156 41.831836686667245 43.7929093474508 44.882562121242756 34.62590394866177 36.17796521295259 53.56845684155758 76.71011107950456 66.1182885166919 43.45326329628471 0.0 39.28389882066034 82.61393317439139 41.237475104551194 26.64865316906694 65.68075382558891 18.603959104078243 52.834354394480954 40.11273672648476 14.598570936317435 29.97964995239175 52.7910892290885 34.85564600536083 44.53954033566469 33.50794638605949 36.573327592859115 24.119448779500438 10.464338911449191 40.86542108360083 65.6060698365102 44.644719027969906 49.872048928245306 39.49857125029117 43.85734090328897 44.212170764861455 54.245627847515 37.18810801217803 36.801821565747524 29.922794196921902 44.679881431874264 64.78343024317884 43.18456970422975 31.214073249647864 69.9013808759346 50.79693353434156 60.93552569250621 49.070452611930385 26.750556210759818 64.01672062752372 29.263370779628104 42.86033255857026 25.1162743661089 32.45288976850117 69.07356605099599 15.964965059459702 50.27587155522543 40.71125913192027 23.0188606402673 44.36636584316542 40.62682732895701 7.536977932314542 60.3130227831056 33.74183691046098 16.526969085955827 18.511754956462767 
55.32143064302939 18.812435422515325 73.61855566746102 63.61874375567714 54.8158611925317 20.491227431039334 23.490392573349638 77.49008114724977 45.104538799515225 60.70041000903943 75.32390141733538 47.13155411898738 65.32314020322518 35.7733562091846 37.58703054173437 39.28389882066034 0.0 43.33163519066697 2.039584999548232 51.029025782805256 68.87247131126047 42.86041540570097 52.9295036425528 22.692425557059718 33.914898628244686 56.40580238393531 57.043797450986496 67.32914437426301 64.33120274618148 48.46545400325645 39.273927548745085 52.15159329465255 44.00360653868152 13.142730727360282 26.941866283543433 26.671405831409295 47.219186315461165 29.42549745906167 40.760047745343286 37.60674868285518 37.90076610218406 25.990767637421037 11.592145657587375 67.6366542982806 70.69100846722998 63.99001206392115 74.95108676015211 25.90259198922763 44.35573386048343 26.901680695980005 22.812140610060336 35.27924118941261 38.82705805104565 50.38598029747969 42.895874139389726 12.510163510770834 60.12862887133034 36.70913628395817 35.60126507857707 54.28674833040626 25.586757198473023 57.91367987712342 38.58096479716198 53.670533259295006 13.158196679977955 42.815574764049614 22.964658231204368 59.60664085796028 54.10022719484195 56.46565552988627 
87.59094296294856 26.058078422503772 116.92823329966201 89.51923929191123 91.33243324876692 39.99390798909081 52.77454292698833 118.8442374348222 74.78272713849667 100.20402632352055 118.62697736098333 70.97029250228552 78.31711096016328 38.49030269621352 67.12697516343303 82.61393317439139 43.33163519066697 0.0 41.379107574618054 90.79700996295593 94.15997845923516 83.9110542389391 80.28328410047345 53.95997972464886 75.82970838122863 96.48810849478708 86.04643533975407 108.6349134675225 100.70839086781788 85.53898442691843 73.3693283732372 92.91362130455552 86.71983993723666 45.99187066907276 18.732445900938455 53.3737805921646 74.65351381448724 60.41748285036013 70.08347375156382 66.60425588870568 57.568075140637326 59.1659033635774 48.787514810017086 110.57165792869779 109.22792832458046 87.33837589654512 115.63700129856919 62.40097403654596 48.70240727477068 47.79541861794385 23.854641660958702 59.825270452034076 77.38051517367595 66.7306109153339 80.84205947812346 43.235869663419074 102.3159518865154 72.6810588645305 31.783536009170835 97.48354151830634 46.86014791674529 94.06865783841971 78.1153533395474 86.13468581914252 46.2336979615812 85.81766471456082 26.2470803157193 99.14698087411001 97.173658329283 99.48798757249573 
55.997436751334575 17.163465494243336 75.59826247331063 64.9126397492248 55.873461995521275 19.256803819997877 23.35320238526903 79.52133568150678 45.4701402802714 62.67063880349937 77.30618065627377 47.064143601451185 65.9244295891943 35.254774414142375 38.88458084760849 41.237475104551194 2.039584999548232 41.379107574618054 0.0 52.412904519455914 70.16033026999631 44.37789794205225 54.23766059847494 23.827775940435895 35.53262303797468 58.39347187834162 58.473298855271295 69.35753357176722 66.17259613511942 50.303234604382034 40.892556442337956 53.65731311844503 45.780984073378185 13.962060637829948 24.9027261635161 26.39541514667928 48.484975275317964 29.65259452758712 41.03962060305249 38.867250104665274 37.37592335654934 27.379323751924964 12.945658187825497 69.66361605902823 72.63374710023452 65.14600683599564 76.96725328139411 26.682532770972216 44.184591051726656 27.281081116091595 20.784432962775607 36.188420939305296 40.713251078368515 51.015780746827765 44.76251578902866 11.7888508064835 61.835892212976134 38.43013748487592 34.71061967019303 56.2943737977683 25.938187967917838 59.730563948969895 39.88270741208182 54.351828078644004 14.011888104279269 44.65116480419048 21.620566322838723 61.57721011879545 56.12063079497426 58.31301700895505 
22.087102113623967 69.43625988554692 42.36567334094009 87.84185550354434 11.309841952693226 52.08346426243578 39.48305626033126 62.358425638431726 27.760584678743335 59.23539193557423 43.90966241141281 37.75658778603221 101.90991008082372 84.71655493100376 68.33007462832084 26.64865316906694 51.029025782805256 90.79700996295593 52.412904519455914 0.0 92.3063678859675 9.23500879144348 79.0926639692931 61.42202862315684 18.4633620216853 54.95926009508792 79.36116008174041 55.83979658788461 70.2052186849193 60.13985948235446 62.452703776241854 4.586160700456124 16.47237956716829 58.44138009327584 72.15647456308267 40.41901660039638 75.69212157591076 32.95909798792116 29.593954029142 68.99496339987601 44.80821470891615 59.95671045338969 54.29413856857938 44.93924894379731 68.38550747194506 91.18774550295419 63.60891866910466 28.54682054087395 90.79984108318038 71.23610207753237 67.02547927678708 72.53780261183654 53.13957511261478 88.36409794672086 55.87005073414525 47.56508243226696 16.61043237018219 58.23986504289881 85.95847630353002 34.22127850719918 70.37113826011895 66.98389582946376 12.721394537122302 21.389445829302392 58.256254208162844 19.401834976527454 73.98976278468398 58.51654351042216 36.155845846139094 21.725754402882885 
109.40444525151563 72.74944965745027 77.29823694107199 5.257288745487354 102.3485690515669 89.36104504809987 89.63532607918977 58.02724471610876 104.74160834835284 41.06864775005651 77.97833852578574 110.71972563077998 26.078061222972952 56.425776837404726 31.285860421916855 65.68075382558891 68.87247131126047 94.15997845923516 70.16033026999631 92.3063678859675 0.0 83.82067590033442 15.953585747653626 46.4167730470167 76.79864896355033 42.76412753026584 13.15814795798017 52.5833137885571 29.89011509581265 32.49145221581501 31.897205375477288 89.70893230098535 76.0633761837647 56.59221361203209 87.86790235133509 93.17712106476286 21.681154809301223 92.61359310079946 101.86994276153807 31.295665553070272 104.9626174240263 42.93080210857353 57.281072918223785 66.16071838623718 40.28467458250236 7.333543119271664 52.655872068905495 85.18548650402069 48.607172250748604 47.48700062828634 86.38592320822492 35.5360617271 39.420495872372264 28.805775877029912 36.43848352656023 81.09596856749431 87.55096687350031 35.88027261184102 63.29957432740019 64.51241290993232 48.69721176507853 28.47575539267706 86.1794071771068 107.94092126489784 56.481566951051455 73.09960778941638 69.37144134327207 40.97962498121547 62.362824508028886 78.63424568978826 
27.243410908995134 61.524080693000876 41.50254361160919 79.24617051561242 18.561769681238307 46.43809184598936 34.51785226428166 58.34032468028322 28.80194893038043 52.61989554650215 43.18838484753489 38.44424470452382 92.76692850109413 75.82362847219703 59.18739213183359 18.603959104078243 42.86041540570097 83.9110542389391 44.37789794205225 9.23500879144348 83.82067590033442 0.0 70.26575780087424 52.22086749672194 9.386431889554434 48.12283193763825 70.78511294159193 50.774515955670964 63.0152519938232 51.96542196326977 53.520564348769355 9.295402280085847 9.756559182764308 49.5254291116891 65.48143526678584 36.15757195927161 66.70685152564586 29.16499804813752 29.15329579890981 59.84044712902318 42.75291788368217 50.72177657250986 45.35006343067934 41.74179419177477 62.27740923679858 82.42986008024977 58.8818744465941 22.920348441758744 81.6828414359533 62.113306860188494 60.39202368041675 63.30547879516227 44.47404131528502 79.15300058011557 47.4171612304072 40.839347268702696 19.066141993251268 49.297083317799164 77.30418121100693 29.302608154534266 61.27313384280972 59.3142733730993 7.488755910483077 26.10217703242149 49.33282859437221 12.21658518929436 65.7885512758839 51.81079460416093 30.928691142200936 20.113038635164028 
94.95151493175908 57.658954574708915 70.24495242755776 10.696342133768699 88.59922858848209 73.42017285840952 73.79464409732286 55.47080320750625 89.57788946705878 35.62118803318747 71.22431315919195 95.20216172887972 26.306849067812415 43.92231237301318 15.35313122179998 52.834354394480954 52.9295036425528 80.28328410047345 54.23766059847494 79.0926639692931 15.953585747653626 70.26575780087424 0.0 30.561004444964087 62.61409784402996 35.533327582803864 6.114725048732972 47.76798910313976 27.79628459129488 22.142682036723848 16.917377851776212 76.92496735597828 63.2957112172008 40.76550022924734 72.65995846972437 77.32995753666665 5.890369801546257 76.992148463519 86.52428190511971 15.409191116302972 89.11111941516052 26.977303284319927 41.34032455692672 59.336063345608345 38.994534057941934 12.28970404952225 50.35658673421094 69.75341353636037 38.20031508306624 32.71827780344253 70.90995976971506 20.574777813715635 26.088206699095426 20.017238798619708 24.138875236871222 65.14251493483938 76.30698664700726 21.117343577568338 50.61699646434791 54.663327878999496 33.817898705733555 23.063362152626706 71.90260151272841 93.4399790836151 40.64561700411408 60.36903933009749 54.770655586324054 35.12011301492467 52.67903649373987 67.75043393683835 
72.01936842104976 28.8453395381783 70.17220773712035 41.18521018710439 68.45582308954756 43.08289096997189 45.056061448938244 66.3712273107696 64.02952286006025 46.76067078007315 71.6729047261712 67.93217746631673 43.86426768441105 26.624517109105323 15.270182066517936 40.11273672648476 22.692425557059718 53.95997972464886 23.827775940435895 61.42202862315684 46.4167730470167 52.22086749672194 30.561004444964087 0.0 42.99503929378959 43.47010908879206 35.1732117812792 56.34675966318694 46.78884792470403 31.620565558766163 19.53333407237141 60.86750651901564 48.910682686584174 10.213522788681532 43.15698824297924 48.482491291418306 24.740727168124177 49.59214051266008 60.25468102603109 15.152330630879284 60.08769274613085 5.224291866185655 11.237866108444845 61.48817222711843 55.368774508205604 41.320424625376646 62.63021665617837 43.676466332572254 29.87595909245187 10.759255648538053 40.83210430564307 13.015498322917638 24.19471679365125 29.03539718599466 27.21473088031344 35.14971364970898 64.9994045789715 18.77259371723265 30.860822029838655 50.63920917514323 10.442066339988672 40.142933130567506 50.952013919505276 70.38883398120267 10.087376427404363 46.57627994525374 27.756639409819595 45.74179993659956 49.546187578657204 58.53615333649015 
32.65814680033446 52.6920946871023 44.98996361226142 72.03479527341752 26.202287111905008 39.9284650622226 29.200705465505386 57.9779266594259 30.414724755501272 49.0130534107029 46.73728193699372 38.9707217662689 84.23716213626308 66.44145679972227 50.72990764150652 14.598570936317435 33.914898628244686 75.82970838122863 35.53262303797468 18.4633620216853 76.79864896355033 9.386431889554434 62.61409784402996 42.99503929378959 0.0 44.30206928052333 63.65864639682095 49.34096565221634 58.34385701348678 45.80557713936728 45.717658249058616 18.54821532703477 11.61244995091585 40.1429492376007 57.686755388716634 31.552202255520164 58.69074580403743 25.601315831434242 29.259080763503494 51.33694178210932 40.21797880090811 41.735985935377236 35.964980690932656 42.86902024741369 59.18758370383704 74.8763775853986 57.65652309737483 17.76661633426607 72.3412327155604 52.7752407111621 52.67860470434542 54.36672850672307 37.42242891343755 70.36250979095789 40.78159260212783 33.31652552420405 26.491759603658323 41.5015603603981 67.98953330269585 29.195959157776805 51.91855661527274 53.931475911157264 9.39344630946502 31.241186833228376 39.94941402078687 11.999038455181328 56.736703274640455 48.08986989826405 30.276377859595833 24.645010637753995 
75.35835726293622 70.51896287868092 34.94040529172876 39.80893982402126 66.05892109739565 73.76487521834093 67.96493953603039 22.98473810350579 74.71670930665145 4.776015512421002 35.815697518588834 83.04809167403826 61.82511685075339 68.42293058295932 35.71784968034508 29.97964995239175 56.40580238393531 96.48810849478708 58.39347187834162 54.95926009508792 42.76412753026584 48.12283193763825 35.533327582803864 43.47010908879206 44.30206928052333 0.0 32.26828104174661 13.318539807406896 15.47698948342136 14.28082114480551 26.734593606055252 51.39687852359668 38.72292864252284 50.49678531648001 82.77796302413354 71.24145240103171 36.00089928289117 67.4771421667951 73.35818753877759 36.59296168675659 82.03343693729576 38.35492220645117 47.9412285669994 23.892687281230273 15.229633878084005 44.722097459770914 19.198775661418114 59.03311437328078 67.33655803243376 52.71929973222882 79.08684609705759 44.33823689162635 19.292300987938713 53.59217279736195 16.535261541439617 64.91129643862091 46.4834660129819 25.309468412734574 73.71427538970536 22.664850145042227 52.99276346749449 14.301854762019587 52.99789148017938 74.17731681061981 50.255572620568216 35.973866445741606 70.73615801920212 3.7941487655433233 20.44973244567069 37.394330735548266 
96.25201397934218 62.97179429827745 67.20809837121423 8.485129654952525 89.28728945976033 77.49414070776872 77.03237879480925 50.8392165762437 91.63931301230696 31.659481715299794 68.07384057656527 97.75359484776565 30.15444794032635 49.98430339065352 19.949219060527216 52.7910892290885 57.043797450986496 86.04643533975407 58.473298855271295 79.36116008174041 13.15814795798017 70.78511294159193 6.114725048732972 35.1732117812792 63.65864639682095 32.26828104174661 0.0 43.75293395799736 22.632159196482444 20.181766196226736 18.916249525818614 76.8838098845576 63.2202987249948 45.36509058485229 77.85383250334316 80.58174880341045 11.394293162941928 79.73523683353544 88.82574161523671 20.201005309803456 92.36128515577767 31.09809196557702 45.52771067175427 56.14965564711593 33.86660989125507 12.61097890799095 45.61257348770067 72.19301075453336 44.29220718497848 38.328542122423194 75.88525536525364 26.22597147502551 26.32685189992652 25.79979822802484 23.536797981505096 69.0147061676965 75.29545456904411 22.795885323784663 56.64919893914372 52.81319041870073 39.36756244220911 18.74470174485208 73.03483270859736 94.78593131604777 45.22483230964837 60.26145000984101 60.34425787825744 31.300594765568007 50.732523716534075 66.51119799024532 
77.53029103379154 82.58194237061717 25.485566579088474 50.47621221624448 67.1458077979511 83.22356730815335 75.93664727536209 10.217067555620826 79.08352412335549 12.149755344158846 25.86645833412088 88.16219045975171 73.82273644083723 81.65519498073603 49.028423760299646 34.85564600536083 67.32914437426301 108.6349134675225 69.35753357176722 55.83979658788461 52.5833137885571 50.774515955670964 47.76798910313976 56.34675966318694 49.34096565221634 13.318539807406896 43.75293395799736 0.0 22.782445361249803 27.46429126555753 40.053121242383234 51.674201871700355 41.02094121126117 62.741967991395654 94.11717987905256 78.97813163156073 48.852321551816786 74.26155997232487 78.4835552960078 49.90150750073801 89.01126703907569 51.31694861439995 59.859562835735126 14.777688166793755 14.670641603251346 55.71165221785637 8.330364182273524 65.89099368430213 80.64673230584445 65.86576340463608 90.14118902715958 57.65675674829902 32.19278817205295 66.50384478572029 29.771307324977812 74.58906897880772 43.901728110809785 38.52796215570353 86.83713211053312 21.65618134558332 66.08669709200944 25.009795813511236 56.897567707777704 76.56668945519205 62.49479339429422 38.79969422250081 83.21460382722877 12.677120319608331 19.866974003583813 35.296699728610584 
90.1505446218116 75.50674656255767 47.94092616936444 28.22060690764685 81.19991017989868 83.40073689183524 79.37736747672054 28.480108171998275 88.60233693231955 12.12668899572849 48.48073103634478 96.43027648456663 52.589054195598266 68.23037141751301 34.61596772094044 44.53954033566469 64.33120274618148 100.70839086781788 66.17259613511942 70.2052186849193 29.89011509581265 63.0152519938232 27.79628459129488 46.78884792470403 58.34385701348678 15.47698948342136 22.632159196482444 22.782445361249803 0.0 15.869740532725286 27.348919095841453 66.75503234989891 53.838354888749684 55.71864738745959 89.17841748253117 82.81100245118438 30.706590479703642 79.9235815268927 86.84109980508462 35.33637953523101 94.09821791765043 41.62593220918523 54.176258635065395 36.875904593451956 11.23803741131912 33.61085625878005 23.16250630952642 71.59282102257146 64.64923028289554 53.89136797275479 86.12666956275126 43.16053549932741 25.631582307520468 47.72194582721967 21.482233942551687 74.4713223118354 61.91569447762735 28.33371002214967 74.3483031256409 38.0683974858411 54.5389698151336 6.646632393853106 67.37971230309681 88.90545142734692 55.50705724531064 51.01029409363232 74.46530903719233 12.43392147613325 35.855278491455884 52.829689322082636 
78.37400439964503 60.028669652281266 48.25480782763114 28.503236856164744 70.52095308633842 67.6762735222333 64.23579715891478 36.60664012597064 75.32410359922761 16.049397121535264 49.303819078821945 82.52157308640126 48.34398382625471 55.06481694764393 21.72970812576827 33.50794638605949 48.46545400325645 85.53898442691843 50.303234604382034 60.13985948235446 32.49145221581501 51.96542196326977 22.142682036723848 31.620565558766163 45.80557713936728 14.28082114480551 20.181766196226736 27.46429126555753 15.869740532725286 0.0 13.029894598508804 57.35123879406859 43.75918866128317 40.08602605886171 73.44314337217781 67.72161907196501 21.86902616529334 65.37500778354261 73.11637499183122 22.583461719363115 79.20442425407563 26.3979680852946 38.3700091863331 37.4996882900883 23.76498200665301 32.74330667309463 32.16248824158616 57.21801477726193 53.284662912761796 39.79792312167549 70.3059750099659 30.458471191924673 9.955371651848722 39.37138841051597 5.773822149348494 58.759657624134704 55.16258348919599 12.858594278159234 60.712911738484124 32.70422872166085 40.25272060948064 9.519653052991334 55.15226869943826 77.0009656034028 39.86684928158639 40.797839964752264 59.3724247217392 15.189112239868273 30.661809778959096 46.3396698755713 
78.03701122917148 48.366979158038966 58.653978363125916 26.831859145036454 71.76219103930167 59.46640836906414 58.244622514707615 49.493847963316654 72.88102862425342 29.02935369186555 59.893337117136326 78.84910082864313 40.295682041272606 42.035358434695574 9.063194869185114 36.573327592859115 39.273927548745085 73.3693283732372 40.892556442337956 62.452703776241854 31.897205375477288 53.520564348769355 16.917377851776212 19.53333407237141 45.717658249058616 26.734593606055252 18.916249525818614 40.053121242383234 27.348919095841453 13.029894598508804 0.0 60.49451382050545 46.966466725196476 28.970305791596473 62.455605786953406 61.79505495981623 13.30206591419275 60.82000768415003 69.9729812137667 9.952186812811506 73.55907230719518 14.478953913622933 28.147153886567384 48.480675953887484 36.539193132544895 29.203756632038598 45.15934597264275 53.2984407277212 40.63252411665333 26.86270858390496 59.787914709678844 17.60364671262692 10.503188723127787 28.79235670198199 10.682651755174097 50.7790714501297 60.85890159229981 4.22676379516446 47.713736038489586 40.940219777933955 27.38877823123729 20.7219511160977 54.99040465152401 76.52848910265 28.78065971370135 44.09039412176181 47.123102931648404 28.127946781495694 39.21528916237876 52.70991861373885 
