10
0.0 52.10869130789534 86.38443378501414 100.02160820503998 22.986563302038142 88.47133091523224 82.37388553607516 77.24200433960132 81.82865475807054 48.24739614953003 
52.10869130789534 0.0 57.661936592453046 103.81297819171556 56.69901861452255 52.672649695696286 34.93863118974044 78.89430511500396 45.65812299510784 93.55566987857648 
86.38443378501414 57.661936592453046 0.0 63.280959190963536 73.33990029436293 12.129701975562218 36.907249683032454 45.673356457357066 14.859744045350732 104.02632019222645 
100.02160820503998 103.81297819171556 63.280959190963536 0.0 77.49147780651296 75.40606320098628 97.73875960899755 25.20328422816907 76.4791038922893 85.19129251496852 
22.986563302038142 56.69901861452255 73.33990029436293 77.49147780651296 0.0 78.2516832257201 79.18204525757965 55.680418457458906 72.52728094047816 37.130456803817076 
88.47133091523224 52.672649695696286 12.129701975562218 75.40606320098628 78.2516832257201 0.0 26.36817642455621 57.16099911813895 7.167518845844511 111.1602518422202 
82.37388553607516 34.93863118974044 36.907249683032454 97.73875960899755 79.18204525757965 26.36817642455621 0.0 76.1912470665702 22.10695288650859 115.55171895206823 
77.24200433960132 78.89430511500396 45.673356457357066 25.20328422816907 55.680418457458906 57.16099911813895 76.1912470665702 0.0 56.448541248822714 71.98034153677595 
81.82865475807054 45.65812299510784 14.859744045350732 76.4791038922893 72.52728094047816 7.167518845844511 22.10695288650859 56.448541248822714 0.0 106.30331273214075 
48.24739614953003 93.55566987857648 104.02632019222645 85.19129251496852 37.130456803817076 111.1602518422202 115.55171895206823 71.98034153677595 106.30331273214075 0.0 
