55
0.0 24.002484083841175 66.82785182888152 5.746240149396012 62.472717860105234 65.15373984924453 88.76795238905478 74.59328358519319 104.82055033842526 71.80660268079609 37.241949311872546 9.039068399444364 105.69795417282617 54.7656575929059 19.19409519306153 74.8745814676162 81.34651796707575 9.147787474616834 40.74597478324886 54.20126158501437 88.09229400279473 62.70755906500463 82.2732863190652 105.3631958483304 44.66575978900536 21.45688824644521 55.121537749819694 114.97703994241337 32.67120881726938 51.10308407313416 54.18663695431654 40.940791007515045 50.57257063256212 90.91766905450268 54.14350469254436 89.21068258664171 89.69612208575484 60.20104026554472 39.22076135418251 86.00656585484516 82.04851097056 43.76254680995978 40.28368141078744 84.08571147277432 84.60057139949832 73.60629538876334 93.59840437017267 36.56428500297649 84.30673119282159 85.92687220864846 80.53042176518228 99.49953965252381 88.93401531909227 62.45226517022424 17.5735228880976 
24.002484083841175 0.0 45.8819909223728 21.790505026040726 42.07369913789164 41.15179572962869 66.92021777823504 55.9828758609903 82.53809379678093 64.13971555863185 17.92998050293822 19.44375246303011 81.90832867409799 34.36915000731289 17.67890749665699 50.994502921354794 59.99847908366748 17.24994710405516 24.346226139625763 37.476688863884064 72.22797633271954 41.72094157328217 64.78378138146778 82.60009799956705 28.115715712132527 17.105142487283228 32.60605392245532 92.33771873493701 22.855795884159768 45.66796613997754 31.957124824099996 17.077172590296087 27.677167715806696 72.39595212855059 33.389720020777446 65.29445153940239 66.04985236740266 36.61464476432591 16.834131677859386 63.54942217231165 71.81869385752627 23.51346011929128 16.305056713015826 73.64974195615603 60.76217902332999 50.057903517239986 78.40439759218972 30.089341782918222 64.70170398895054 73.30358509113132 67.85282094550244 75.49866498732507 66.35875064466394 53.221506840178996 21.17596322627673 
66.82785182888152 45.8819909223728 0.0 62.343547481920304 4.7534792567157105 27.524640631766847 22.23804050335825 67.43312190469769 72.11833228539264 94.3746333678892 29.58788771922982 58.8472524079095 58.80895152949599 50.789780555320405 63.04490064391637 35.74161173073344 14.545529860472602 62.48545370240722 55.89957695961196 61.10358597171776 86.44966052184401 51.670174377007584 76.69832764898518 69.16025922249183 57.10013178465914 47.24476037737039 42.27808907341441 78.06107650902742 62.484876993395936 81.99817385057865 43.49539581448264 31.497821465261325 19.682903872789495 79.47489412971481 49.352810011000244 34.49405934693078 30.75064128611132 18.265881500071398 42.7613883403374 20.80196018169408 97.02767615641976 48.45363115457749 34.97235780208381 98.21980686515217 29.53510312899079 40.30258718123398 92.96352725650335 69.60192302051512 19.432512695898005 94.11505854312087 89.61669798558822 46.23941090792303 23.86554228223387 83.57544452476313 66.86438202161872 
5.746240149396012 21.790505026040726 62.343547481920304 0.0 57.88755806833428 62.58542408886139 84.43577490526621 75.19034641740518 103.98679239037948 75.07981013866579 32.87190565749673 3.5713082569887975 103.64250917474408 54.59252512527642 21.6326799282852 72.69281519851495 76.8883111998909 11.242134255914015 41.51391444549448 55.167444797610614 89.59175019965015 62.371326151810514 83.26871492249659 104.23676458372785 45.50007222186789 16.05391343423374 54.04396314924437 113.93781385203394 34.62769913897243 54.53788223009869 53.24907377446996 38.10704660013631 46.92968204336521 91.62410831042897 53.83188959914819 86.19042609198313 86.30987596576045 56.890869033405764 38.07311775957725 81.9142364837299 84.87878671171958 43.49251413430558 37.97278154680683 86.885121191849 81.45670894273712 71.84826355834755 95.3082239456953 39.40847237016851 79.41735395866058 88.24377168779591 82.79972333591618 96.77992706590086 84.88160724737611 65.3141996509676 21.021813718912643 
62.472717860105234 42.07369913789164 4.7534792567157105 57.88755806833428 0.0 28.52636970026341 26.906394216491215 67.62471759914808 74.6548150070717 93.0274389010589 25.29161552294116 54.372280465912816 62.38024509133046 49.87040266613033 59.45182334482863 37.71794101273173 19.103848312438366 58.41437481780804 53.69992818603787 59.8607245400354 86.71171534958198 51.4870675802246 77.04016636635069 71.94967447076641 55.191018587263905 42.64449286498899 41.56028822025652 81.04672771753832 59.66325859628512 79.8231828669713 42.65651764326993 28.594860215079578 17.1715295142042 80.36311738865108 48.405667511834466 38.38619943598811 35.04078435581056 18.388056976096 40.330707733183104 25.54929526429467 96.26198502521697 46.538723094740746 32.28836122816439 97.53553352729561 33.32777318326665 41.833927521624794 93.27628833736817 66.90449395230554 22.663006436846626 93.78834307410082 89.13463188538233 50.20838237003326 28.613848618797366 82.09239435842794 63.18097242169098 
65.15373984924453 41.15179572962869 27.524640631766847 62.58542408886139 28.52636970026341 0.0 36.74419198381178 40.26090776795225 48.08689024265501 70.4565756772462 34.441737866258144 59.767181413059035 41.592906276163234 27.01518804700706 53.74232896278913 11.142309996864968 33.614828731550496 57.80853521941406 37.79469479558878 37.880917987584596 59.129852854302534 25.443333620230586 49.337573687403676 46.34714037411376 37.27342758369801 51.92662843884703 18.64962452758042 56.0098746919028 47.468977538255665 61.913724805633144 20.21384671888281 24.518054930308985 19.582825704909624 51.96930568300781 25.82388513057596 24.77793198217114 27.185534187452028 10.626294222326724 28.4047720208744 31.301093607276297 71.36384806737102 29.779642443760988 24.898020128302797 72.35025513955405 20.933322459989867 13.647991767812377 65.5907849567386 53.15868669108131 43.45803272162788 67.54325841267652 63.379265455750996 34.36822702005949 33.05140711983529 60.38913289645695 57.95236293437159 
88.76795238905478 66.92021777823504 22.23804050335825 84.43577490526621 26.906394216491215 36.74419198381178 0.0 75.15425942972992 68.31398104654139 107.18126135485971 51.577911499458274 80.96641238543859 49.43539986223285 63.6839951008586 83.40426575464554 38.963459508984094 7.999087783891872 83.91888472050974 72.61771882906042 74.5468804554027 93.06007409164702 61.876217871085565 83.3442873492853 64.07649836993667 72.88989412829768 69.47463016431793 55.154950770140296 71.32712239446896 80.82267946478362 97.95504087886023 56.66304283092937 51.05905803996752 39.39466375487054 83.59208966385259 62.43638977751877 26.113599530124777 19.543440646192913 32.84055451918092 60.657517068322306 5.863096136803683 107.55653204881192 64.63998603443355 53.873814018760875 108.39956002803189 23.52024057248885 44.76910899660711 99.14424886298787 87.43681186908985 14.553368845470077 102.95653353799301 99.20978004947938 35.0474318329597 6.186331700732737 97.11967004828219 87.40484713704282 
74.59328358519319 55.9828758609903 67.43312190469769 75.19034641740518 67.62471759914808 40.26090776795225 75.15425942972992 0.0 36.83549343494704 36.862759019783994 62.159435391236634 74.00014575608336 50.861160662085254 21.978245477961405 56.13851826973644 36.33348393292675 73.39173088258349 65.44912814747173 33.8473990996781 20.648670603333986 19.09470079562345 16.627305929032786 9.619693481542491 40.037744552663526 29.942611005122107 72.70881041858492 27.587692342028948 47.57140026675754 43.065338973264105 39.99495289301756 27.13737275858133 48.52767930418189 53.39105429732827 16.465206159437265 23.21723039980923 53.877716717079984 59.73675687199847 49.31742965051797 39.80961750345324 69.33674704385773 33.3784873097436 32.47112694656632 45.288436070142694 33.864990738312066 53.43990932676741 30.48684881666078 25.682347785972865 42.956945636775025 83.5800564306419 27.824993807409413 24.475645140831457 55.53800975026211 70.25644222850839 30.695257813746238 59.28872615539251 
104.82055033842526 82.53809379678093 72.11833228539264 103.98679239037948 74.6548150070717 48.08689024265501 68.31398104654139 36.83549343494704 0.0 71.35276225046667 81.39098728396395 101.9450166683393 22.973146712093442 50.51845019593148 88.23344826352 37.33965918129542 70.61591321239709 96.02207591077634 65.9148835245419 55.09772037703191 42.15421845197193 42.47665005193845 36.66415265459015 5.421414864043934 62.62299301419853 96.98167014487986 49.961738269113525 10.809312853319383 76.51115086293187 76.81881059473442 50.74075190247262 69.1035869568863 67.48819283716894 29.279624867223124 50.91621386814945 42.200432010336336 48.831075145227366 58.490039489628025 65.91626624742385 62.93269695349455 64.07291629876458 61.193263477502114 67.53432739210342 63.610446652811284 45.37945087810003 34.80605463949007 45.2014965198452 78.11141147298412 81.26851698550409 55.530893053167404 55.19458737062104 35.54435118180006 62.17731599090514 67.09756078741212 91.96498929985249 
71.80660268079609 64.13971555863185 94.3746333678892 75.07981013866579 93.0274389010589 70.4565756772462 107.18126135485971 36.862759019783994 71.35276225046667 0.0 78.15202421237198 75.63777310317006 87.65134367213687 43.85962037104729 53.53338592419621 70.29394210253004 103.74416293896552 63.83857067265381 41.31377539260373 33.27855354491416 31.51457863053329 45.540692729250495 34.69194992437709 75.43097609435722 38.66607340017908 80.33350555447342 52.51004488999867 81.46970324346736 41.85577553858355 20.749569562049757 51.137333407124 66.61966946481147 76.1951849758353 43.01489049715473 45.23022044276666 89.07860849849583 94.30912247783536 76.59107705101616 54.44480275791965 101.63946356824665 12.298690664245365 47.002666370520025 62.60219854956817 14.296921149106169 87.73895984542519 64.69645322661201 32.82568277512879 35.7987454071684 112.8300685722203 20.46761677652536 17.51774681603554 92.06001114047385 103.13271794398302 11.186096925156797 54.268430232553904 
37.241949311872546 17.92998050293822 29.58788771922982 32.87190565749673 25.29161552294116 34.441737866258144 51.577911499458274 62.159435391236634 81.39098728396395 78.15202421237198 0.0 29.43218129051903 75.79146688735509 40.53096205473391 35.59535718609762 45.53977890478377 44.10546691031082 33.27329545587499 36.840117337697684 47.493157684123375 80.35830905205113 45.86417923948118 71.66905420193261 80.2744219675266 39.738183320598374 18.69966694942366 34.952836710568384 90.04507258158782 39.12879888968605 61.44280693556904 35.1346067093112 13.641788874461714 15.540979175921777 77.70579710799754 39.15697106807048 55.40296246985296 54.54396674825744 26.086196099998585 24.20979885140131 49.08803154879553 84.16399198266652 32.22165876092407 17.0125128992298 85.8029158400379 50.39511826290308 46.70758477575879 86.88103422414595 46.59861563735702 47.542614620314595 84.02816211601282 78.77338885692942 66.72932944043414 52.076855454257135 66.97704205095398 38.955043447143446 
9.039068399444364 19.44375246303011 58.8472524079095 3.5713082569887975 54.372280465912816 59.767181413059035 80.96641238543859 74.00014575608336 101.9450166683393 75.63777310317006 29.43218129051903 0.0 101.0003712094768 53.03160341578279 22.12892142008937 70.03094912439559 73.39278000613602 12.202273107920202 40.597150872278064 54.27550548562534 88.91824311807191 60.68546175153716 82.29710629568264 102.04379066725285 44.58966714099436 12.505755401925734 51.98692383305577 111.77937271166901 34.53427910034382 55.28620408047681 51.27071246329445 35.25063411316659 43.70276578772254 90.46175942725196 52.1962876267519 83.14957222991198 83.12956395202157 53.77172591122236 36.07844905003215 78.50744147453864 85.09749429963827 41.94502837805898 35.36834904372858 87.07805210533 78.37147851921418 69.3896530889032 94.75742316044847 39.845947855790065 75.8545420042371 88.10384688446355 82.63982270826695 93.85265471366249 81.48480866181258 65.60928825517601 22.189045810153303 
105.69795417282617 81.90832867409799 58.80895152949599 103.64250917474408 62.38024509133046 41.592906276163234 49.43539986223285 50.861160662085254 22.973146712093442 87.65134367213687 75.79146688735509 101.0003712094768 0.0 56.04721930277768 91.821482525194 30.97060992632224 53.48247388115799 97.69165290637713 71.39983269643103 64.03147714974028 61.79782943456282 48.88978558725103 54.26560496111827 17.62691278482042 69.02431668505508 93.51936987185348 51.874040100016714 22.36254288122075 82.28848469021067 88.5150077087614 53.17978901323099 65.90664931416806 60.42541396315922 49.187622718263356 55.823517288068615 24.7044161476136 30.297943267303292 50.04772573942552 66.90848217037028 44.78048871402362 82.46725525596575 64.75071258630925 65.6706427955633 82.39013852776831 29.356875764133612 32.31489182769859 65.98204265752125 85.80047341071908 63.50499321347275 74.76747333320148 73.3041652830738 14.445054419533198 43.28784731083083 81.18940494635943 95.9164827971844 
54.7656575929059 34.36915000731289 50.789780555320405 54.59252512527642 49.87040266613033 27.01518804700706 63.6839951008586 21.978245477961405 50.51845019593148 43.85962037104729 40.53096205473391 53.03160341578279 56.04721930277768 0.0 37.71543497290608 29.68075424576196 59.919807114947716 45.785081143763925 15.64389272244716 10.867921844037186 39.82799403058515 8.04330130776021 31.28443601569409 51.72451579237655 12.977567166271456 50.84765160977468 8.650850104975556 61.007159563419094 26.51938520826286 35.423325352593864 7.307459462429111 27.0170474199853 33.8098350845389 38.18827785894542 1.482200376183715 48.73690260522742 52.84849554188762 32.78720771554523 17.877668163804383 58.30782527871082 46.39741043663079 11.101343981845076 23.533678093789685 47.70425390757657 46.23832047224283 25.255784655813542 46.36092239186547 29.792831982275132 68.98951627012315 44.495701406393515 39.56446108961795 54.96046337078401 60.05212499685148 33.473384179695856 41.47978269584871 
19.19409519306153 17.67890749665699 63.04490064391637 21.6326799282852 59.45182334482863 53.74232896278913 83.40426575464554 56.13851826973644 88.23344826352 53.53338592419621 35.59535718609762 22.12892142008937 91.821482525194 37.71543497290608 0.0 61.93484004441748 76.83744013289751 10.437995893816886 22.5844721230822 35.53531588683769 68.96492810971043 45.75681474531224 63.424907020495574 89.33718233514224 26.29987241312717 28.90239287043003 39.98782814931992 98.70327971266705 13.515338941380943 33.16699065068782 38.76101694949082 32.379339770502135 44.04140175613001 72.27889483597968 37.374558720591146 78.51606596795988 80.29175991359139 51.642706558529405 25.439842434174356 79.59438458531346 63.25067582900814 27.36864443290308 29.98386770636206 65.26108340657723 74.44999616673581 59.54008044115287 74.41783107428624 17.785295591386163 82.11469815108887 66.80824847414146 61.39284535531664 87.61795541151405 82.26027344864626 43.68162332876584 4.2100352870433655 
74.8745814676162 50.994502921354794 35.74161173073344 72.69281519851495 37.71794101273173 11.142309996864968 38.963459508984094 36.33348393292675 37.33965918129542 70.29394210253004 45.53977890478377 70.03094912439559 30.97060992632224 29.68075424576196 61.93484004441748 0.0 38.06806340378537 67.07731627801907 43.3791346256197 39.88967255720995 54.10984906429862 25.04567915151869 44.381508506516816 35.320482728352815 41.901496155974264 62.76101956471257 23.047722523797656 44.92734054179324 53.88575291629635 64.98286592112727 24.58002665135257 34.968669919341785 30.706221555127993 45.14322973092975 28.913459211750958 19.16809174030732 24.0155780487424 21.192464091869688 36.5884429305749 33.112934109038804 69.26325613498942 35.85145406370181 34.722320442789 69.95469920707677 17.45661509306211 5.8466880913327195 60.25106664202273 58.63004079303427 48.68569925149631 64.15634354076873 60.64524515620715 25.910256311413374 33.9281520117546 61.199712339836275 66.110669015148 
81.34651796707575 59.99847908366748 14.545529860472602 76.8883111998909 19.103848312438366 33.614828731550496 7.999087783891872 73.39173088258349 70.61591321239709 103.74416293896552 44.10546691031082 73.39278000613602 53.48247388115799 59.919807114947716 76.83744013289751 38.06806340378537 0.0 76.81443310173968 67.5126240959887 70.68809149615532 91.84536803399139 59.05787996044838 82.04555217481654 66.78582126465827 68.14064696818103 61.74610532723938 51.27783950842616 74.70088453906104 75.11847155513803 93.26660838063616 52.706035973204465 44.69920052622744 32.8454211631109 83.2089087995259 58.58850816125761 29.03562713140098 23.219945945978875 27.73567832210441 55.01615186541609 9.160759700169423 104.97853425246437 59.67695251450254 47.791911184782364 105.95533134175906 25.254020811158703 43.633975247790325 98.12304502019037 81.96136365336119 10.774323009155044 100.98256843778391 96.93917024807219 39.466258523190234 11.698802590836358 93.35989331545198 80.75987434281113 
9.147787474616834 17.24994710405516 62.48545370240722 11.242134255914015 58.41437481780804 57.80853521941406 83.91888472050974 65.44912814747173 96.02207591077634 63.83857067265381 33.27329545587499 12.202273107920202 97.69165290637713 45.785081143763925 10.437995893816886 67.07731627801907 76.81443310173968 0.0 31.60274963105886 45.056817516051616 79.0448822677837 53.76571603548353 73.1371384761996 96.7112870578027 35.5185395376835 21.533470525440457 46.57012577265047 106.26852545518265 23.7136404783134 43.31906191305245 45.556149618507526 34.245940691918996 44.86128721728794 81.7698820444062 45.21371550737297 82.25733525230591 83.22705713427672 53.840036083727654 30.85178848613947 80.70497433299903 73.67965405720173 34.85605279341236 32.96870174440839 75.69322861924591 77.826520601724 65.44842476878806 84.61554237473482 28.181453102404955 80.81173722405721 77.21230595874809 71.78676616440059 92.1556864462029 83.54150792204076 54.101883030167556 9.987334277468452 
40.74597478324886 24.346226139625763 55.89957695961196 41.51391444549448 53.69992818603787 37.79469479558878 72.61771882906042 33.8473990996781 65.9148835245419 41.31377539260373 36.840117337697684 40.597150872278064 71.39983269643103 15.64389272244716 22.5844721230822 43.3791346256197 67.5126240959887 31.60274963105886 0.0 13.679268260141697 48.40451648291049 23.557139722925275 41.755917534856046 67.30805391242015 3.9933407563809804 41.41378676755489 20.331489359117448 76.49846237927073 10.910048224045495 26.126946775123816 18.807224980925955 25.786657760109314 36.52840392882091 50.199628910652066 15.634295113811588 61.73767507760504 64.91477611267399 39.86661353200025 13.529290784444003 67.79232822164819 47.832869579642775 8.057693278096348 21.798077835522907 49.593082457281625 58.501280573754094 39.793895444697704 54.393044389408615 15.397336909437863 75.18746447591823 48.961049778029455 43.51553075254152 69.22185152917625 69.98655927446836 30.136932355749238 26.115226225469485 
54.20126158501437 37.476688863884064 61.10358597171776 55.167444797610614 59.8607245400354 37.880917987584596 74.5468804554027 20.648670603333986 55.09772037703191 33.27855354491416 47.493157684123375 54.27550548562534 64.03147714974028 10.867921844037186 35.53531588683769 39.88967255720995 70.68809149615532 45.056817516051616 13.679268260141697 0.0 34.82095004699682 15.429688064774805 28.113696742723388 57.2299667326945 9.68610496845833 54.572166718093946 19.43264276935659 65.87686867934643 22.42237263870105 25.182765113710623 17.982393046889904 34.70788118864352 43.247552346071366 36.758165740407634 12.1224459098409 59.05181567290339 63.439266851490835 43.342566963099074 23.32885591433005 69.17561097581729 37.021656785167465 15.280726095114147 30.81010750626728 38.535179508850334 56.81244339616683 34.993803395788305 40.93202918287797 23.019654026252 79.59289301491903 36.583148884457 31.287150040639926 64.48122820537904 70.90941892665847 22.672788048183754 38.640358320977114 
88.09229400279473 72.22797633271954 86.44966052184401 89.59175019965015 86.71171534958198 59.129852854302534 93.06007409164702 19.09470079562345 42.15421845197193 31.51457863053329 80.35830905205113 88.91824311807191 61.79782943456282 39.82799403058515 68.96492810971043 54.10984906429862 91.84536803399139 79.0448822677837 48.40451648291049 34.82095004699682 0.0 35.57894271034764 9.811950629870624 46.91840589242461 44.43663691181456 89.2856263486216 46.39284060395392 51.42743366232583 55.44971684431898 44.23934701865773 45.78525310821148 66.82627001899893 72.37085408735028 12.894680450364136 41.21361604479429 70.17034010796816 76.46105673864064 68.38569554709102 57.04946889343314 87.20210817307957 22.217600565590395 49.198093405956676 63.35441268065337 21.546254621318663 70.50995652511838 48.34817629321086 6.611508250187378 52.98820726333249 102.20322649178833 13.385417087084575 14.055193528778048 69.63453550500255 87.85345065360984 31.58223462796292 71.40335302451615 
62.70755906500463 41.72094157328217 51.670174377007584 62.371326151810514 51.4870675802246 25.443333620230586 61.876217871085565 16.627305929032786 42.47665005193845 45.540692729250495 45.86417923948118 60.68546175153716 48.88978558725103 8.04330130776021 45.75681474531224 25.04567915151869 59.05787996044838 53.76571603548353 23.557139722925275 15.429688064774805 35.57894271034764 0.0 26.24675879098098 43.75098251988358 20.562905883173826 57.772346024773256 11.006871301763178 52.983293277042506 34.3481532425902 40.554864538624045 10.735784547127977 32.23002610404853 36.79590493185306 31.856159943563767 8.565815074041268 44.156181805138914 48.978493345160565 33.40992586832431 24.93545921978448 56.241669255194246 45.92240427644024 18.950091970758226 29.247988910458112 46.9314986026552 42.364704332418775 19.802420325757073 42.18981816290692 37.04123428249413 68.78404074113485 42.45000298649118 38.061570452629965 49.083772763320844 57.635729845591136 36.16576976342667 49.50574961935625 
82.2732863190652 64.78378138146778 76.69832764898518 83.26871492249659 77.04016636635069 49.337573687403676 83.3442873492853 9.619693481542491 36.66415265459015 34.69194992437709 71.66905420193261 82.29710629568264 54.26560496111827 31.28443601569409 63.424907020495574 44.381508506516816 82.04555217481654 73.1371384761996 41.755917534856046 28.113696742723388 9.811950629870624 26.24675879098098 0.0 40.84929444065557 37.768647637182646 81.6787418350769 37.20215478966955 46.826015623516 50.03012819823908 42.81027559652652 36.725530913240185 58.05332185349071 62.99582755539251 9.58442431713279 32.58858928094758 60.82719347096094 67.01190133533426 58.685647096922054 48.957270142891346 77.49109727621715 28.204108052019645 41.370361240822184 54.74342886304696 28.155534991159627 60.96012801421707 38.59623817100058 16.265321433895995 48.76286755831588 92.39273325475021 20.85417909708715 19.05203773983534 60.987425802906756 78.1996410308144 31.437314323464186 66.26319003222518 
105.3631958483304 82.60009799956705 69.16025922249183 104.23676458372785 71.94967447076641 46.34714037411376 64.07649836993667 40.037744552663526 5.421414864043934 75.43097609435722 80.2744219675266 102.04379066725285 17.62691278482042 51.72451579237655 89.33718233514224 35.320482728352815 66.78582126465827 96.7112870578027 67.30805391242015 57.2299667326945 46.91840589242461 43.75098251988358 40.84929444065557 0.0 64.2079293735201 96.4619875362427 50.2564452128374 9.807777300902073 78.06508144628991 79.81125878858182 51.179834319992516 68.44343065561105 65.91080122015263 34.02493650383065 51.9727203927505 38.023956659141504 44.5363999297786 56.48930912746059 66.21838505402872 58.8302462643675 68.62345791778284 62.06274914006125 67.17240172467385 68.25002583125942 41.54551056730394 33.585517054122825 50.25275835057791 80.13941488547255 77.34151903234195 60.2521118804531 59.64254484896921 30.612765047355154 57.90684866182049 70.62086902958428 93.1761935448598 
44.66575978900536 28.115715712132527 57.10013178465914 45.50007222186789 55.191018587263905 37.27342758369801 72.88989412829768 29.942611005122107 62.62299301419853 38.66607340017908 39.738183320598374 44.58966714099436 69.02431668505508 12.977567166271456 26.29987241312717 41.901496155974264 68.14064696818103 35.5185395376835 3.9933407563809804 9.68610496845833 44.43663691181456 20.562905883173826 37.768647637182646 64.2079293735201 0.0 45.213923645809466 19.054606818642323 73.27383849173164 13.888493422653132 25.126890307311275 17.466996698400756 27.97145942723547 38.07825425239834 46.25597879501281 13.287545075931781 60.61707893562877 64.15563672976954 40.40527415579223 15.781205585126726 67.88324729905 44.53237181717642 8.657362888281979 23.951366069183194 46.23789010225542 57.64783652894861 37.919661333259285 50.456687662309534 16.876787495108463 76.21616719664246 45.282964078673444 39.861595302253384 67.55743676053663 69.94973831364445 27.492608952979193 29.679954244717468 
21.45688824644521 17.105142487283228 47.24476037737039 16.05391343423374 42.64449286498899 51.92662843884703 69.47463016431793 72.70881041858492 96.98167014487986 80.33350555447342 18.69966694942366 12.505755401925734 93.51936987185348 50.84765160977468 28.90239287043003 62.76101956471257 61.74610532723938 21.533470525440457 41.41378676755489 54.572166718093946 89.2856263486216 57.772346024773256 81.6787418350769 96.4619875362427 45.213923645809466 0.0 47.80627149724436 106.2688621924007 38.497610193217085 60.95487239972171 47.448744374208346 28.04427598803577 34.02216437772352 89.02972715501998 49.74575391715754 73.95516923647398 73.23979837576272 44.49947128418382 32.9797637930515 67.40738436049419 88.56941969044135 40.30947247861207 29.479261281846437 90.4407494304695 68.99307555098075 63.04516969804237 95.49089200673397 45.11471292768351 63.64581200798463 90.3383942557375 84.87803642002129 85.12955418412693 70.43278760086744 69.63822114147257 30.557001100200612 
55.121537749819694 32.60605392245532 42.27808907341441 54.04396314924437 41.56028822025652 18.64962452758042 55.154950770140296 27.587692342028948 49.961738269113525 52.51004488999867 34.952836710568384 51.98692383305577 51.874040100016714 8.650850104975556 39.98782814931992 23.047722523797656 51.27783950842616 46.57012577265047 20.331489359117448 19.43264276935659 46.39284060395392 11.006871301763178 37.20215478966955 50.2564452128374 19.054606818642323 47.80627149724436 0.0 59.91533987757517 30.90810613434939 43.29807895098059 1.5955874341553657 21.35707627280569 26.08031748293779 42.76568967473802 7.313836064312273 41.571378411557106 45.161522728465265 24.18173522382623 15.976114653565736 49.84840491680649 54.76676206823858 12.965863912795193 18.641984493460807 55.99807685685013 38.62329996224006 19.72679677586549 53.000713542862094 35.618692310032685 60.35032830489126 52.32784011133206 47.59018311608949 48.90914425246049 51.683601673419545 42.09149909354058 44.05622060145381 
114.97703994241337 92.33771873493701 78.06107650902742 113.93781385203394 81.04672771753832 56.0098746919028 71.32712239446896 47.57140026675754 10.809312853319383 81.46970324346736 90.04507258158782 111.77937271166901 22.36254288122075 61.007159563419094 98.70327971266705 44.92734054179324 74.70088453906104 106.26852545518265 76.49846237927073 65.87686867934643 51.42743366232583 52.983293277042506 46.826015623516 9.807777300902073 73.27383849173164 106.2688621924007 59.91533987757517 0.0 87.16010290900607 87.56610347815104 60.79549624806493 78.25120671463829 75.58986074999935 38.76825028451477 61.334011202908904 45.676186006694756 51.874749967527045 66.03377146859383 75.88955931942382 66.36581597950426 73.59101801085471 71.524088038519 76.96689588301777 72.97331979334028 49.66868866657997 43.37638256746948 53.700508499147375 88.88253531251414 85.0553127347578 64.78065508636217 64.91629165167572 36.676846381791954 65.1434289851636 77.64839742518879 102.48634497438395 
32.67120881726938 22.855795884159768 62.484876993395936 34.62769913897243 59.66325859628512 47.468977538255665 80.82267946478362 43.065338973264105 76.51115086293187 41.85577553858355 39.12879888968605 34.53427910034382 82.28848469021067 26.51938520826286 13.515338941380943 53.88575291629635 75.11847155513803 23.7136404783134 10.910048224045495 22.42237263870105 55.44971684431898 34.3481532425902 50.03012819823908 78.06508144628991 13.888493422653132 38.497610193217085 30.90810613434939 87.16010290900607 0.0 22.81285397822098 29.441866251063292 31.071806341072623 42.802162110289636 59.01071269285877 26.544088960239716 71.86995381339278 74.64766425402948 48.02467553811187 20.165410316501312 76.33203583605437 50.65660316197448 18.04212555065629 27.515913316988378 52.612483939439024 68.37217395400428 50.54368113043477 60.92845911823768 7.475065809057835 81.91715459517121 53.62566576281671 48.17590768321561 79.78789419948917 78.71237726272915 31.333250912974123 16.25915429581625 
51.10308407313416 45.66796613997754 81.99817385057865 54.53788223009869 79.8231828669713 61.913724805633144 97.95504087886023 39.99495289301756 76.81881059473442 20.749569562049757 61.44280693556904 55.28620408047681 88.5150077087614 35.423325352593864 33.16699065068782 64.98286592112727 93.26660838063616 43.31906191305245 26.126946775123816 25.182765113710623 44.23934701865773 40.554864538624045 42.81027559652652 79.81125878858182 25.126890307311275 60.95487239972171 43.29807895098059 87.56610347815104 22.81285397822098 0.0 41.71748782603482 51.685725943230835 62.65205549206549 52.36772241278175 36.38273001328372 84.11260084512675 88.25704765421163 65.53171952348461 39.55091798737517 92.86766803112106 31.77633057646074 33.64495381158009 47.76097177520879 33.862874387514005 81.65440454661365 60.17296882793239 47.976149866990625 15.84019182418612 101.23070008955585 37.533926341977676 32.704883068021694 89.63823023634191 94.84739422720322 13.059651850726954 33.61078985167879 
54.18663695431654 31.957124824099996 43.49539581448264 53.24907377446996 42.65651764326993 20.21384671888281 56.66304283092937 27.13737275858133 50.74075190247262 51.137333407124 35.1346067093112 51.27071246329445 53.17978901323099 7.307459462429111 38.76101694949082 24.58002665135257 52.706035973204465 45.556149618507526 18.807224980925955 17.982393046889904 45.78525310821148 10.735784547127977 36.725530913240185 51.179834319992516 17.466996698400756 47.448744374208346 1.5955874341553657 60.79549624806493 29.441866251063292 41.71748782603482 0.0 21.496821562672583 26.90519688245415 42.59157757434608 5.907413914010591 43.15345650610944 46.75710974716954 25.481701870781666 15.194674074537302 51.37946491851144 53.61369868394093 11.58227624133299 18.553630910481896 54.87923835994628 40.21832446470973 21.127663969003805 52.38361872716278 34.06333213317151 61.69664858351501 51.37698921958264 46.571103610756055 50.41648742591039 53.234272805297586 40.653895891332304 42.80193734012116 
40.940791007515045 17.077172590296087 31.497821465261325 38.10704660013631 28.594860215079578 24.518054930308985 51.05905803996752 48.52767930418189 69.1035869568863 66.61966946481147 13.641788874461714 35.25063411316659 65.90664931416806 27.0170474199853 32.379339770502135 34.968669919341785 44.69920052622744 34.245940691918996 25.786657760109314 34.70788118864352 66.82627001899893 32.23002610404853 58.05332185349071 68.44343065561105 27.97145942723547 28.04427598803577 21.35707627280569 78.25120671463829 31.071806341072623 51.685725943230835 21.496821562672583 0.0 11.894939681740706 64.08014399037123 25.61494550942943 48.270272808595095 48.9863184183274 19.622183172481602 12.273510264150552 47.22467133622541 71.68997467473882 19.71496469168552 4.020285674610326 73.23571755774259 43.69481234038477 35.00214601395096 73.37278710761541 38.31792210838335 50.910583965621726 70.98477580653355 65.8237108527591 58.68072270455313 49.91844776388869 55.45756966496264 36.43495862105313 
50.57257063256212 27.677167715806696 19.682903872789495 46.92968204336521 17.1715295142042 19.582825704909624 39.39466375487054 53.39105429732827 67.48819283716894 76.1951849758353 15.540979175921777 43.70276578772254 60.42541396315922 33.8098350845389 44.04140175613001 30.706221555127993 32.8454211631109 44.86128721728794 36.52840392882091 43.247552346071366 72.37085408735028 36.79590493185306 62.99582755539251 65.91080122015263 38.07825425239834 34.02216437772352 26.08031748293779 75.58986074999935 42.802162110289636 62.65205549206549 26.90519688245415 11.894939681740706 0.0 67.62213904625892 32.32764296816149 39.934021698907856 39.44914680715377 10.545330466211205 23.188031150869787 35.873346325250154 80.0518339051492 29.442678707583262 15.290164436443424 81.43135316000593 34.97736936050923 32.71484573501383 78.98230414517519 49.93223179274653 39.115396909312025 78.25339420843925 73.3716877960092 51.19436539522879 38.68513384825563 65.17395587670002 48.017045430624904 
90.91766905450268 72.39595212855059 79.47489412971481 91.62410831042897 80.36311738865108 51.96930568300781 83.59208966385259 16.465206159437265 29.279624867223124 43.01489049715473 77.70579710799754 90.46175942725196 49.187622718263356 38.18827785894542 72.27889483597968 45.14322973092975 83.2089087995259 81.7698820444062 50.199628910652066 36.758165740407634 12.894680450364136 31.856159943563767 9.58442431713279 34.02493650383065 46.25597879501281 89.02972715501998 42.76568967473802 38.76825028451477 59.01071269285877 52.36772241278175 42.59157757434608 64.08014399037123 67.62213904625892 0.0 39.334468032082704 59.49843599892088 66.01787568188288 62.02027379629373 56.06589866692462 77.73988784992513 34.85906976055154 48.884745491492694 61.0763516764498 34.339146742721155 60.44069014076133 39.69955374490197 16.888965928520957 58.11790422535111 93.82017837480717 26.254670272000038 26.156710336620865 57.81578543785776 78.0766655741931 40.77747579565582 75.26978498894812 
54.14350469254436 33.389720020777446 49.352810011000244 53.83188959914819 48.405667511834466 25.82388513057596 62.43638977751877 23.21723039980923 50.91621386814945 45.23022044276666 39.15697106807048 52.1962876267519 55.823517288068615 1.482200376183715 37.374558720591146 28.913459211750958 58.58850816125761 45.21371550737297 15.634295113811588 12.1224459098409 41.21361604479429 8.565815074041268 32.58858928094758 51.9727203927505 13.287545075931781 49.74575391715754 7.313836064312273 61.334011202908904 26.544088960239716 36.38273001328372 5.907413914010591 25.61494550942943 32.32764296816149 39.334468032082704 0.0 47.89085336399217 51.87689457423633 31.383626447916114 16.76735010043204 57.09270588494614 47.86760986341096 10.38427886795527 22.176523878406478 49.18000972148042 45.28034533196804 24.680304624337026 47.75798524669536 30.162976711118002 67.6039212950258 45.97434690760324 41.046528338992495 54.36629674157727 58.87445702421834 34.777699567272876 41.205726689415215 
89.21068258664171 65.29445153940239 34.49405934693078 86.19042609198313 38.38619943598811 24.77793198217114 26.113599530124777 53.877716717079984 42.200432010336336 89.07860849849583 55.40296246985296 83.14957222991198 24.7044161476136 48.73690260522742 78.51606596795988 19.16809174030732 29.03562713140098 82.25733525230591 61.73767507760504 59.05181567290339 70.17034010796816 44.156181805138914 60.82719347096094 38.023956659141504 60.61707893562877 73.95516923647398 41.571378411557106 45.676186006694756 71.86995381339278 84.11260084512675 43.15345650610944 48.270272808595095 39.934021698907856 59.49843599892088 47.89085336399217 0.0 6.747709886362439 29.490739625637715 53.1740832411553 20.80854763703119 87.22778515407211 53.90989001302841 49.29899610787794 87.74205790619621 5.154926605291398 24.445515312006428 75.81566248378309 77.11701253600947 39.406899233559265 81.36768161237909 78.34810877736437 11.85106232341304 19.987912001016927 80.25101795307063 82.72602451044882 
89.69612208575484 66.04985236740266 30.75064128611132 86.30987596576045 35.04078435581056 27.185534187452028 19.543440646192913 59.73675687199847 48.831075145227366 94.30912247783536 54.54396674825744 83.12956395202157 30.297943267303292 52.84849554188762 80.29175991359139 24.0155780487424 23.219945945978875 83.22705713427672 64.91477611267399 63.439266851490835 76.46105673864064 48.978493345160565 67.01190133533426 44.5363999297786 64.15563672976954 73.23979837576272 45.161522728465265 51.874749967527045 74.64766425402948 88.25704765421163 46.75710974716954 48.9863184183274 39.44914680715377 66.01787568188288 51.87689457423633 6.747709886362439 0.0 29.4958244388597 55.29186911372615 14.515787994750706 92.98212077637325 56.933925714866746 50.53111488648664 93.5735276826904 6.630346395002907 29.668759456761034 82.20793774937842 80.30214834890772 33.244599445438794 87.39599592931164 84.20235381896649 16.279843361089167 13.370494341833783 85.14123699477894 84.48624065563679 
60.20104026554472 36.61464476432591 18.265881500071398 56.890869033405764 18.388056976096 10.626294222326724 32.84055451918092 49.31742965051797 58.490039489628025 76.59107705101616 26.086196099998585 53.77172591122236 50.04772573942552 32.78720771554523 51.642706558529405 21.192464091869688 27.73567832210441 53.840036083727654 39.86661353200025 43.342566963099074 68.38569554709102 33.40992586832431 58.685647096922054 56.48930912746059 40.40527415579223 44.49947128418382 24.18173522382623 66.03377146859383 48.02467553811187 65.53171952348461 25.481701870781666 19.622183172481602 10.545330466211205 62.02027379629373 31.383626447916114 29.490739625637715 29.4958244388597 0.0 27.876092679338015 28.3363692310498 78.83643123800363 31.96807597323853 21.66423667575359 79.9997411929002 24.617976661831584 24.27167231136976 74.93540527727967 54.59638452938675 36.25072313312658 75.85043033796312 71.35714540516705 40.65851038872185 30.818292094680753 65.9756362473642 55.77722198049494 
39.22076135418251 16.834131677859386 42.7613883403374 38.07311775957725 40.330707733183104 28.4047720208744 60.657517068322306 39.80961750345324 65.91626624742385 54.44480275791965 24.20979885140131 36.07844905003215 66.90848217037028 17.877668163804383 25.439842434174356 36.5884429305749 55.01615186541609 30.85178848613947 13.529290784444003 23.32885591433005 57.04946889343314 24.93545921978448 48.957270142891346 66.21838505402872 15.781205585126726 32.9797637930515 15.976114653565736 75.88955931942382 20.165410316501312 39.55091798737517 15.194674074537302 12.273510264150552 23.188031150869787 56.06589866692462 16.76735010043204 53.1740832411553 55.29186911372615 27.876092679338015 0.0 56.2040757351758 59.978074149772056 8.053761753573346 8.271545423201259 61.601471847426524 49.25866312578852 34.61997871295072 63.45017769157048 26.960570921516112 62.15571203055025 59.908007309776565 54.61396265429164 62.18483951234581 58.62770372527723 43.26683182441507 29.642019951504945 
86.00656585484516 63.54942217231165 20.80196018169408 81.9142364837299 25.54929526429467 31.301093607276297 5.863096136803683 69.33674704385773 62.93269695349455 101.63946356824665 49.08803154879553 78.50744147453864 44.78048871402362 58.30782527871082 79.59438458531346 33.112934109038804 9.160759700169423 80.70497433299903 67.79232822164819 69.17561097581729 87.20210817307957 56.241669255194246 77.49109727621715 58.8302462643675 67.88324729905 67.40738436049419 49.84840491680649 66.36581597950426 76.33203583605437 92.86766803112106 51.37946491851144 47.22467133622541 35.873346325250154 77.73988784992513 57.09270588494614 20.80854763703119 14.515787994750706 28.3363692310498 56.2040757351758 0.0 101.82827180630278 59.768031564163934 49.78342496134134 102.64945978823042 17.826764086284264 38.925961024841776 93.28172554299307 82.78322965194157 18.731152828189217 97.14800431783705 93.43871896237928 30.57592290345644 3.065829487690484 91.68114036164475 83.65961429402824 
