35
0.0 92.29240149091287 93.20759222022116 9.112117279153109 28.04724637727064 56.82058035050509 42.267353774758504 109.18934172561494 120.01887922343491 29.20924909017688 85.24632922984655 76.51104060230523 54.30871553616621 34.44553256959587 41.7895353511043 18.17171863240331 35.56205954530104 56.318877706043466 65.75941707185957 23.503192294686283 75.2339873718898 85.90082017629999 119.3351834127584 33.450517217809974 104.24116691188867 79.6629362382231 76.65662714375476 53.61881873410922 82.29316761867626 57.9022384521123 93.60894680195948 62.928011079862586 38.92255356684895 61.21615783626752 84.09503480766598 
92.29240149091287 0.0 1.268482513715077 87.44210357676901 91.89157789689554 52.024337190934425 50.11909128505067 43.0854728773226 38.099221414103866 63.86616838776213 24.7709883327698 31.314247038545172 64.58034642040494 58.69884452588445 63.42656472498709 76.54680696677637 74.05558173909563 59.07502212388166 27.238028919227343 71.08452829293265 33.46303835945783 71.50217653996026 38.53524450169165 59.64096499713258 49.574961366442345 39.66172685561657 65.01065530166032 40.823866322124864 54.13126362923357 51.415906433893866 18.093687042398894 64.6916197448305 62.536351058636036 73.21409940096022 31.691223206037144 
93.20759222022116 1.268482513715077 0.0 88.42911014728666 93.02774069694124 53.272212061164005 51.00104814402942 43.78689072444493 38.2305882151395 64.8557823746194 24.365706523972474 31.229140703035966 65.83391511765825 59.70131017941025 63.93541540813415 77.36354254469431 75.22643629625746 60.33074154155552 28.309097909268687 72.10262205108614 33.398355944601526 72.71207682034594 38.721770398350124 60.468984472494355 50.47648543925149 39.38860730505042 66.25630802181804 41.92690080624928 55.33903503348502 52.66754978846382 17.25904106951879 65.95984564402846 63.12030289150273 74.48124461296257 32.87750508429053 
9.112117279153109 87.44210357676901 88.42911014728666 0.0 20.161997404792107 48.71027923151304 38.261820042906905 101.63526231566999 113.3163124870629 23.576251287481647 82.69832131903125 74.505647623145 45.440051886397576 28.770879432478907 42.988720096587684 19.22243104209805 26.52423317002739 47.706332310452545 60.42546830050958 16.64778755137392 73.45351454556933 76.89454283269082 112.54894596831143 30.8020576241647 96.21253748554895 78.71221956420082 67.74645128089492 47.58167810663704 73.78850615591617 49.80102324976954 90.37079634354045 54.01019142163774 39.50306402349061 52.11950407217782 76.84911725987608 
28.04724637727064 91.89157789689554 93.02774069694124 20.161997404792107 0.0 44.32777800319471 47.9001318822401 97.1217795574901 111.6744749348182 32.61445268413812 92.40333583028982 85.49044964348829 36.16142860787379 36.35378315491853 59.80079640252788 37.71210426013969 18.641053543050525 40.366199373975554 64.90382024857905 25.403129111493435 84.87262900933816 64.3242864931537 110.63951924945272 43.83237766517299 89.75473201805337 91.35992250833895 56.573108554938315 51.20061904543217 65.48582147290361 45.352976698333734 98.45565499527477 43.479016230183895 55.849298660254135 38.79377675169222 74.36480176405033 
56.82058035050509 52.024337190934425 53.272212061164005 48.71027923151304 44.32777800319471 0.0 31.618052957466066 53.425516366580844 67.34962793457177 30.85108107939183 61.22324810824042 58.11238626448254 12.65814172681686 27.284680733490635 55.48038061979385 49.47931790114271 25.7606802856865 7.377755457641545 28.856375335402586 33.73330766173307 58.60599675449706 35.44425373066662 66.31225183308 38.17807252039838 47.50226112032398 66.97575999758944 25.249164949175167 19.251285263497504 26.182337056465908 1.0932082908909733 63.54061975454658 15.779353428431696 51.6592750017578 22.797287004206854 30.043633206626662 
42.267353774758504 50.11909128505067 51.00104814402942 38.261820042906905 47.9001318822401 31.618052957466066 0.0 73.3738171691333 80.57694886808518 15.56105293585514 44.94371620012644 37.60492287116492 39.40742447861602 11.631591394491396 24.0004420103517 26.747041007222602 34.5927846244082 36.760349912946786 24.44366763650277 23.199004916201204 36.97663421767995 67.03750914771813 80.1553055496526 10.011323347405282 71.52699707291218 43.722183038194416 56.86131093620983 15.92861911241857 55.7108331077008 32.24820386565498 52.14748890130531 46.218319564309695 20.409870740414025 50.76096376157452 48.02389171312566 
109.18934172561494 43.0854728773226 43.78689072444493 101.63526231566999 97.1217795574901 53.425516366580844 73.3738171691333 0.0 20.14359480049539 80.81160101351242 67.46192629532494 72.26656049644667 61.3546526795434 75.95198298618024 94.52960079256536 98.43526294730235 78.90688630008911 56.7728499123824 51.06679181994664 85.68773640048323 74.17202361928713 47.05745807910131 18.44867710922908 83.07956380791899 11.578518823735175 81.5491637646305 46.91432995550611 57.866256319872875 34.17687812029683 52.341781151325 60.99268063456179 55.78137992075678 92.09034236268077 63.57345029626264 25.515230882127664 
120.01887922343491 38.099221414103866 38.2305882151395 113.3163124870629 111.6744749348182 67.34962793457177 80.57694886808518 20.14359480049539 0.0 90.8714247264591 62.354405855982215 69.41346822449528 77.1717638939773 85.69827586385489 98.67574156867182 107.03178146723074 93.0722680275369 72.07378288835528 56.31399258171252 96.79399425053568 71.55960890629021 66.84128310356006 1.7455964153191232 90.58672386622757 31.72210512591329 77.55548306081991 65.6770998482765 66.59078743139585 52.63242890659859 66.33305190001967 53.573185857498885 72.84957528051356 96.99590009474112 81.14077804007657 37.310138700013525 
29.20924909017688 63.86616838776213 64.8557823746194 23.576251287481647 32.61445268413812 30.85108107939183 15.56105293585514 80.81160101351242 90.8714247264591 0.0 60.495550728504604 53.08960741779309 33.46748382347811 5.258898905803769 30.575785175683016 18.62966952362084 21.96473050471684 33.03277230825376 36.885366058222395 7.650532932277807 52.37018984355731 64.64391863586354 90.22065289054095 12.18957200655214 76.86140290098119 58.74552229526025 54.54853531935522 24.4108003446145 57.02266826696662 31.830753658447474 67.46315411284417 41.772497058379756 26.33958765293531 43.75486361811039 55.43303409161258 
85.24632922984655 24.7709883327698 24.365706523972474 82.69832131903125 92.40333583028982 61.22324810824042 44.94371620012644 67.46192629532494 62.354405855982215 60.495550728504604 0.0 9.789645617361852 73.50404484659653 56.15982556466258 48.41716074466122 67.5456317663268 76.93860230383524 68.57356813263507 32.407489866180995 68.1405474976146 11.829562727321338 88.82869683971985 62.94753448578304 52.034158389491346 72.8128028477641 15.33452406839249 80.62129343326104 43.92057244213264 72.08330964469414 61.02775332561274 10.66353027579077 76.38648442029843 49.0759321231222 84.00632353353411 51.49281520536632 
76.51104060230523 31.314247038545172 31.229140703035966 74.505647623145 85.49044964348829 58.11238626448254 37.60492287116492 72.26656049644667 69.41346822449528 53.08960741779309 9.789645617361852 0.0 69.84203198359623 49.1461401100419 38.7359770119468 58.5990529609624 71.03773941919302 65.29101258824102 30.31611608595548 60.66155654670654 2.2214981029029097 88.41288435108854 69.83280447653684 43.70478356568093 76.31869432600399 9.790341211848528 79.55544025485537 39.569563972358424 72.35921582473298 58.08680196256392 20.2735535676417 73.73644438543803 39.57739728211869 80.80255597046502 53.475117685277965 
54.30871553616621 64.58034642040494 65.83391511765825 45.440051886397576 36.16142860787379 12.65814172681686 39.40742447861602 61.3546526795434 77.1717638939773 33.46748382347811 73.50404484659653 69.84203198359623 0.0 31.678815600317048 62.060852718607 51.126730152650275 19.26752497925904 5.550971556998587 41.28196100859591 33.47085419698812 70.16626267067282 31.924410600359582 75.98274983849075 43.57659274067604 53.607355735669316 78.3654040643074 22.36478370217941 30.322885413287935 29.40630593227259 13.177362003768033 76.14428982937126 8.69916555720794 57.96006710620094 11.415928379219402 40.384276872954985 
34.44553256959587 58.69884452588445 59.70131017941025 28.770879432478907 36.35378315491853 27.284680733490635 11.631591394491396 75.95198298618024 85.69827586385489 5.258898905803769 56.15982556466258 49.1461401100419 31.678815600317048 0.0 30.62123774978325 22.7755723814003 23.367136982895115 30.428828738204366 31.65840253762268 12.464496166285313 48.57585924417166 61.96510684509692 85.0658478305214 11.938639851918845 72.33864859147866 55.34401277196301 51.77504978809472 19.177331896466608 53.268881198705365 28.19316356734752 62.76962576825639 39.56430110260351 26.444215264600984 42.53707909350073 50.50593297207783 
41.7895353511043 63.42656472498709 63.93541540813415 42.988720096587684 59.80079640252788 55.48038061979385 24.0004420103517 94.52960079256536 98.67574156867182 30.575785175683016 48.41716074466122 38.7359770119468 62.060852718607 30.62123774978325 0.0 24.00970520188818 52.50095495655169 60.11890713178514 43.50406652498634 35.53560444643184 36.945979666727006 90.92411682433111 98.5559921859163 18.742366522306543 94.05320057562842 39.361536877811325 80.7204449392697 39.31035149830035 79.62318146264867 56.15872279479711 58.39142170228855 69.51412971561686 4.236817267614443 73.10235253681607 69.91482233059737 
18.17171863240331 76.54680696677637 77.36354254469431 19.22243104209805 37.71210426013969 49.47931790114271 26.747041007222602 98.43526294730235 107.03178146723074 18.62966952362084 67.5456317663268 58.5990529609624 51.126730152650275 22.7755723814003 24.00970520188818 0.0 35.836181299526054 51.3285860907394 51.16024744562742 18.006455492595965 57.245864680024134 82.8019607203997 106.53409738423333 16.919280099870964 95.10407017742534 61.50121158317315 72.81619367209765 40.77445840402514 75.65230442150005 50.46042288374916 76.29043709430192 59.68463498499458 20.858401503696573 60.545070392371926 72.92559317985749 
35.56205954530104 74.05558173909563 75.22643629625746 26.52423317002739 18.641053543050525 25.7606802856865 34.5927846244082 78.90688630008911 93.0722680275369 21.96473050471684 76.93860230383524 71.03773941919302 19.26752497925904 23.367136982895115 52.50095495655169 35.836181299526054 0.0 22.509453540306744 47.50537528847352 18.06856840701118 70.75507698044906 50.37386309391157 92.05586459643807 34.106926342641714 72.07935888682219 78.03437450245964 41.34950488455259 33.944198789095005 48.44330150433307 26.803933330490857 81.98875903005535 27.63393428302424 48.26961615085568 25.789157869171202 55.76398585456518 
56.318877706043466 59.07502212388166 60.33074154155552 47.706332310452545 40.366199373975554 7.377755457641545 36.760349912946786 56.7728499123824 72.07378288835528 33.03277230825376 68.57356813263507 65.29101258824102 5.550971556998587 30.428828738204366 60.11890713178514 51.3285860907394 22.509453540306744 0.0 36.22596700189724 34.29621433830358 65.72036190350116 31.6230724129434 70.92401535390287 42.05216910950354 49.585366581043154 74.02837684316533 21.518703683959153 26.04325797079635 26.128458126805647 7.751297912231753 70.89940870386839 9.458143123841424 56.12825952339888 15.5151002562665 35.08443328663137 
65.75941707185957 27.238028919227343 28.309097909268687 60.42546830050958 64.90382024857905 28.856375335402586 24.44366763650277 51.06679181994664 56.31399258171252 36.885366058222395 32.407489866180995 30.31611608595548 41.28196100859591 31.65840253762268 43.50406652498634 51.16024744562742 47.50537528847352 36.22596700189724 0.0 43.94453153959604 31.22910501595673 58.21738865920856 55.97539379251344 34.43055064625734 51.50762522907506 39.79989010194169 49.242551383311785 13.703211019967654 42.66799210053147 28.629973263094353 35.11728913042015 44.00347224383285 41.260464313996906 51.61295601184008 27.156587977192704 
23.503192294686283 71.08452829293265 72.10262205108614 16.64778755137392 25.403129111493435 33.73330766173307 23.199004916201204 85.68773640048323 96.79399425053568 7.650532932277807 68.1405474976146 60.66155654670654 33.47085419698812 12.464496166285313 35.53560444643184 18.006455492595965 18.06856840701118 34.29621433830358 43.94453153959604 0.0 59.89630400674234 65.35078538871112 96.05931589481308 18.47151084857707 80.91606185436022 66.09977470539467 55.541663185353364 30.9466613264222 59.6739246760679 34.79424194622773 75.08825015315784 42.128543937999375 31.387809147347546 42.56273588466366 60.61523383111466 
75.2339873718898 33.46303835945783 33.398355944601526 73.45351454556933 84.87262900933816 58.60599675449706 36.97663421767995 74.17202361928713 71.55960890629021 52.37018984355731 11.829562727321338 2.2214981029029097 70.16626267067282 48.57585924417166 36.945979666727006 57.245864680024134 70.75507698044906 65.72036190350116 31.22910501595673 59.89630400674234 0.0 89.42664676183563 71.96456078736692 42.66175518243775 78.03932126016562 8.572041351010379 80.45029421377436 39.8472214859432 73.53704108530799 58.620899561817566 22.39849941543749 74.29414446364184 37.93976964006615 81.21500510335436 55.00460865586679 
85.90082017629999 71.50217653996026 72.71207682034594 76.89454283269082 64.3242864931537 35.44425373066662 67.03750914771813 47.05745807910131 66.84128310356006 64.64391863586354 88.82869683971985 88.41288435108854 31.924410600359582 61.96510684509692 90.92411682433111 82.8019607203997 50.37386309391157 31.6230724129434 58.21738865920856 65.35078538871112 89.42664676183563 0.0 65.2297358590744 73.37642709957602 35.87264984994269 97.99833985350249 10.223519800212216 53.35877967067026 17.37554237803019 34.789326037042464 87.67969282408372 23.23292522715413 87.08576884106435 25.541972467945108 39.91754036760479 
119.3351834127584 38.53524450169165 38.721770398350124 112.54894596831143 110.63951924945272 66.31225183308 80.1553055496526 18.44867710922908 1.7455964153191232 90.22065289054095 62.94753448578304 69.83280447653684 75.98274983849075 85.0658478305214 98.5559921859163 106.53409738423333 92.05586459643807 70.92401535390287 55.97539379251344 96.05931589481308 71.96456078736692 65.2297358590744 0.0 90.15960690775916 30.02528451893727 78.09664137872325 64.1887866161365 65.99839574749588 51.160167484102715 65.28740947606461 54.336976355744156 71.53764090183076 96.80723531934626 79.78852710647618 36.29918665324396 
33.450517217809974 59.64096499713258 60.468984472494355 30.8020576241647 43.83237766517299 38.17807252039838 10.011323347405282 83.07956380791899 90.58672386622757 12.18957200655214 52.034158389491346 43.70478356568093 43.57659274067604 11.938639851918845 18.742366522306543 16.919280099870964 34.106926342641714 42.05216910950354 34.43055064625734 18.47151084857707 42.66175518243775 73.37642709957602 90.15960690775916 0.0 80.76471164764311 48.208258087845934 63.155760244971916 25.27000908903042 63.54829568558422 38.98332367128357 60.16793113618087 51.318135742538566 14.536468317818834 54.475713790147694 57.6318989350332 
104.24116691188867 49.574961366442345 50.47648543925149 96.21253748554895 89.75473201805337 47.50226112032398 71.52699707291218 11.578518823735175 31.72210512591329 76.86140290098119 72.8128028477641 76.31869432600399 53.607355735669316 72.33864859147866 94.05320057562842 95.10407017742534 72.07935888682219 49.585366581043154 51.50762522907506 80.91606185436022 78.03932126016562 35.87264984994269 30.02528451893727 80.76471164764311 0.0 85.93904015233625 36.805999974893865 55.62026863178944 24.800347305608632 46.41159468968033 67.65972481173371 47.096455263655294 91.20289692763309 54.30318721255423 24.356401555101925 
79.6629362382231 39.66172685561657 39.38860730505042 78.71221956420082 91.35992250833895 66.97575999758944 43.722183038194416 81.5491637646305 77.55548306081991 58.74552229526025 15.33452406839249 9.790341211848528 78.3654040643074 55.34401277196301 39.361536877811325 61.50121158317315 78.03437450245964 74.02837684316533 39.79989010194169 66.09977470539467 8.572041351010379 97.99833985350249 78.09664137872325 48.208258087845934 85.93904015233625 0.0 89.01331448580486 48.0541914185154 82.07360687006405 67.02167075378246 25.48270347775786 82.70153522133535 41.187213466259955 89.49454396695288 63.247548049972835 
76.65662714375476 65.01065530166032 66.25630802181804 67.74645128089492 56.573108554938315 25.249164949175167 56.86131093620983 46.91432995550611 65.6770998482765 54.54853531935522 80.62129343326104 79.55544025485537 22.36478370217941 51.77504978809472 80.7204449392697 72.81619367209765 41.34950488455259 21.518703683959153 49.242551383311785 55.541663185353364 80.45029421377436 10.223519800212216 64.1887866161365 63.155760244971916 36.805999974893865 89.01331448580486 0.0 43.453400606306204 13.075910108859874 24.621595071203814 80.30571914450755 13.73639961585754 76.87085790423394 18.330296293091035 34.27355536600572 
53.61881873410922 40.823866322124864 41.92690080624928 47.58167810663704 51.20061904543217 19.251285263497504 15.92861911241857 57.866256319872875 66.59078743139585 24.4108003446145 43.92057244213264 39.569563972358424 30.322885413287935 19.177331896466608 39.31035149830035 40.77445840402514 33.944198789095005 26.04325797079635 13.703211019967654 30.9466613264222 39.8472214859432 53.35877967067026 65.99839574749588 25.27000908903042 55.62026863178944 48.0541914185154 43.453400606306204 0.0 40.511252192344735 19.487887795769577 48.140104779597635 35.0122978531352 36.04027298637423 41.454742764614366 32.38091593317059 
82.29316761867626 54.13126362923357 55.33903503348502 73.78850615591617 65.48582147290361 26.182337056465908 55.7108331077008 34.17687812029683 52.63242890659859 57.02266826696662 72.08330964469414 72.35921582473298 29.40630593227259 53.268881198705365 79.62318146264867 75.65230442150005 48.44330150433307 26.128458126805647 42.66799210053147 59.6739246760679 73.53704108530799 17.37554237803019 51.160167484102715 63.54829568558422 24.800347305608632 82.07360687006405 13.075910108859874 40.511252192344735 0.0 25.192123046161992 70.46628910598888 22.354591792245046 76.12069857950232 29.558515052978215 22.554516075206134 
57.9022384521123 51.415906433893866 52.66754978846382 49.80102324976954 45.352976698333734 1.0932082908909733 32.24820386565498 52.341781151325 66.33305190001967 31.830753658447474 61.02775332561274 58.08680196256392 13.177362003768033 28.19316356734752 56.15872279479711 50.46042288374916 26.803933330490857 7.751297912231753 28.629973263094353 34.79424194622773 58.620899561817566 34.789326037042464 65.28740947606461 38.98332367128357 46.41159468968033 67.02167075378246 24.621595071203814 19.487887795769577 25.192123046161992 0.0 63.16826563543782 15.680100073592598 52.3668050649975 22.983101804783253 29.033785052880724 
93.60894680195948 18.093687042398894 17.25904106951879 90.37079634354045 98.45565499527477 63.54061975454658 52.14748890130531 60.99268063456179 53.573185857498885 67.46315411284417 10.66353027579077 20.2735535676417 76.14428982937126 62.76962576825639 58.39142170228855 76.29043709430192 81.98875903005535 70.89940870386839 35.11728913042015 75.08825015315784 22.39849941543749 87.67969282408372 54.336976355744156 60.16793113618087 67.65972481173371 25.48270347775786 80.30571914450755 48.140104779597635 70.46628910598888 63.16826563543782 0.0 77.87168689587152 58.722442117309036 85.97397415337932 48.588897350568196 
62.928011079862586 64.6916197448305 65.95984564402846 54.01019142163774 43.479016230183895 15.779353428431696 46.218319564309695 55.78137992075678 72.84957528051356 41.772497058379756 76.38648442029843 73.73644438543803 8.69916555720794 39.56430110260351 69.51412971561686 59.68463498499458 27.63393428302424 9.458143123841424 44.00347224383285 42.128543937999375 74.29414446364184 23.23292522715413 71.53764090183076 51.318135742538566 47.096455263655294 82.70153522133535 13.73639961585754 35.0122978531352 22.354591792245046 15.680100073592598 77.87168689587152 0.0 65.49708885585748 8.708387962638653 37.36110720979714 
38.92255356684895 62.536351058636036 63.12030289150273 39.50306402349061 55.849298660254135 51.6592750017578 20.409870740414025 92.09034236268077 96.99590009474112 26.33958765293531 49.0759321231222 39.57739728211869 57.96006710620094 26.444215264600984 4.236817267614443 20.858401503696573 48.26961615085568 56.12825952339888 41.260464313996906 31.387809147347546 37.93976964006615 87.08576884106435 96.80723531934626 14.536468317818834 91.20289692763309 41.187213466259955 76.87085790423394 36.04027298637423 76.12069857950232 52.3668050649975 58.722442117309036 65.49708885585748 0.0 68.95719664761656 67.21457937116078 
61.21615783626752 73.21409940096022 74.48124461296257 52.11950407217782 38.79377675169222 22.797287004206854 50.76096376157452 63.57345029626264 81.14077804007657 43.75486361811039 84.00632353353411 80.80255597046502 11.415928379219402 42.53707909350073 73.10235253681607 60.545070392371926 25.789157869171202 15.5151002562665 51.61295601184008 42.56273588466366 81.21500510335436 25.541972467945108 79.78852710647618 54.475713790147694 54.30318721255423 89.49454396695288 18.330296293091035 41.454742764614366 29.558515052978215 22.983101804783253 85.97397415337932 8.708387962638653 68.95719664761656 0.0 46.028797193555064 
84.09503480766598 31.691223206037144 32.87750508429053 76.84911725987608 74.36480176405033 30.043633206626662 48.02389171312566 25.515230882127664 37.310138700013525 55.43303409161258 51.49281520536632 53.475117685277965 40.384276872954985 50.50593297207783 69.91482233059737 72.92559317985749 55.76398585456518 35.08443328663137 27.156587977192704 60.61523383111466 55.00460865586679 39.91754036760479 36.29918665324396 57.6318989350332 24.356401555101925 63.247548049972835 34.27355536600572 32.38091593317059 22.554516075206134 29.033785052880724 48.588897350568196 37.36110720979714 67.21457937116078 46.028797193555064 0.0 
