95
0.0 29.755556610841968 57.83233437596708 38.676008858507046 58.266426095743036 72.99818129836054 38.26115358451922 51.39257840882845 44.028330347265914 33.98254561313742 20.97649731025687 8.255619209712108 63.97303273977899 67.42383844646002 35.14436425366723 29.81332915691053 44.97463823652124 41.34868778153614 67.08753092937093 50.30983633286487 10.227245334629503 48.5870232648964 76.13134254785378 35.778814054946054 22.491146013585965 61.66031644093779 13.58805360924747 31.91974189911094 67.85099816343183 54.339870401942385 84.80257027978934 30.01092292568154 73.16975747945145 73.86120545814244 71.0632662622467 40.31762207179988 52.08291329194282 54.3377875218501 85.32215768715629 59.43276138330108 20.256445553950822 7.361659095727434 41.04652244862449 71.42208491925484 13.322595436443251 30.101168376714337 38.632608864688216 46.18407776727887 44.268920799701796 43.72079448156072 23.544203721644436 76.9871453471261 50.555667655850094 18.760387061487197 34.43566399272283 49.73085652509344 17.14855200635644 52.94589868477 69.1486946391762 32.056961689732304 66.58952514007323 55.91777867560428 38.586556006873664 80.20305627520173 36.5235269898624 38.99613467196135 47.73950145533416 72.00823789708454 53.747971956232895 45.552511764620505 55.06742073609569 72.44073237704444 58.147386844517136 35.99934290188669 34.8003074052462 81.66124780871554 25.128231681497947 54.323064073585414 66.0259417134747 51.08312020332945 39.08215495816866 50.770509344923575 23.260065220492407 33.200968100307065 51.460289025372646 38.994790771435305 70.42085843958861 54.96076155908088 56.4348310451772 40.62514910333625 20.500988861436298 36.98331065362346 53.4897639937295 18.836458302623218 29.48184590920705 
29.755556610841968 0.0 58.098986631801644 52.457043663739185 81.00628465167333 58.432881462083856 41.71045299399344 72.48531994969144 70.73590139699313 60.92106609850341 49.10822691321904 27.54505911805007 76.64194432218123 76.70479246916486 18.625977832487504 13.055598005601608 58.2086422794625 66.70978777965033 74.52866117914215 64.44321214771561 34.862074532982255 77.7076044689563 89.1525091124986 56.90213434660634 48.522013628250164 79.1112412578415 37.451612267832616 61.04660699844582 46.272063936291715 65.18304560196795 68.00699462375374 59.75028247023805 71.96364097466247 56.94542946352284 87.6333433757681 30.9512978886045 81.81653954069304 36.87364156382878 95.85346740166901 66.5363521255606 48.07077112753522 34.50714888158356 12.008230616537375 60.73680287469365 43.06796189817066 3.9927489735759707 19.16526756603335 64.04410095513364 73.67889390745667 73.24017664020494 35.7536711966422 83.96212906637557 80.08972879513584 37.37430647665966 40.73275734254029 60.43675707202991 46.69700696304766 82.62264185670907 76.55787370928573 55.636131256920315 55.43418938254486 48.58403636667347 12.73460201602758 89.03569875728603 43.52566092054194 18.040278155532093 38.70237526601946 82.36264227316796 75.37448942972037 65.30736290391154 68.65614610770794 53.70798360409736 55.50408008101926 6.387134341781987 20.414208240619637 96.74535556124295 7.016343772780806 79.74293508566582 48.4152519966214 46.72870380317521 59.049502200900605 36.89482361157749 43.304440080763435 59.11073043970543 69.3610714566493 68.74056400939098 74.38847651513602 58.518435173723745 76.60853924725726 31.032696064686537 49.96770111385385 43.83257173663169 38.277145592411436 19.967618744401136 54.766302557823636 
57.83233437596708 58.098986631801644 0.0 27.245827816171218 54.07989755482945 32.68775244953716 19.594023244332746 45.47235820486887 59.97709718747607 56.22813776529776 73.93922842002151 64.55912837021856 30.052017581417108 24.546822805467055 76.2284598522478 45.06577882189277 25.330330843301155 53.90404412653036 20.409839732561334 27.701009995776865 67.98797209657468 75.09856844309415 39.52296263123165 40.97416446202222 77.87862190148597 40.761227852173086 71.25599008208609 79.06809640182357 45.63988909861628 21.363724672167823 44.03533338951342 70.35338215562905 15.340725215058812 37.87460653187259 44.52886939089856 87.54585515862338 88.49783998405347 34.503394005813334 41.881137989893034 14.912292401976226 54.959240172881074 64.77492589865346 57.634215099139055 24.587376693573237 63.04324546486301 54.2827661528882 77.24132703684198 35.278250279137836 74.69466643509703 75.48561922686153 80.25854753534679 27.78053825957758 80.41869698789401 41.14705047959573 23.49634472195422 20.376395058331703 67.04073448410244 90.55894847837614 21.9273562200561 46.08644159391269 23.421847297805076 15.343576540594185 70.1849970122095 34.037262232546624 21.80683211485205 76.13511458240819 22.08047851126322 30.302914659801814 48.15613979652842 39.68900270455083 27.853362978699725 41.095516747749905 5.739585088584545 58.66711469803178 77.62694780143565 48.88692575468005 61.71180128270718 60.87856924831633 36.252597727752544 12.555203431893126 38.81016709915656 28.660914316384204 40.45839982947983 52.59851370837187 36.998684240586805 78.31386531681649 16.889018105987205 6.480740215118146 45.35835708216445 27.91232506318911 69.54876628659757 21.350765586468974 30.418806298346045 68.46647195267175 49.86509855890462 
38.676008858507046 52.457043663739185 27.245827816171218 0.0 32.61645797667614 56.11754513921919 16.520325332261653 23.193134225162527 33.360508577573654 28.98234192731097 49.97787333500988 46.72626113242217 25.577129048302695 28.855297569859086 67.26086453659045 41.79510633814848 6.346652254410558 27.26584199911604 29.055425228794842 12.247959574035642 47.734176051315 48.057604091731015 38.03234574692942 13.849426706377853 54.70365652764961 26.740982030439238 50.56111566373502 53.11151761619379 62.48563479949397 15.742868581642954 68.46031281474664 43.77847288523657 40.665675974817944 59.995589862592716 35.19357980786285 76.10918048036407 61.253345328302366 47.9820483014378 46.705864673167014 22.109744221009677 29.319342831958508 44.24889968712323 57.63973717448417 49.903343082012626 39.43938591902614 49.685642268370565 69.5660587877502 12.71678644536526 47.46538496991019 48.24171554867838 62.204571061378196 38.77701513095235 53.2751374039746 19.921743282407395 13.878992715525637 11.385913211658462 42.829740183826814 63.32269988414592 31.04182746125913 18.85316504322965 47.03511148558485 35.529264964598255 65.09942518089306 41.5693064098615 11.86499627316444 69.0689841801414 34.23400241696197 33.333486027818736 26.295298788234554 15.794672509737918 16.83932082519088 61.54261884632511 30.898035867805277 55.91691585923566 67.91505574168666 44.70592943894547 52.93986461611045 36.40461311061639 55.3367598369888 29.34804035791702 12.330641592213597 41.57861683083992 16.221813659759697 25.352793759755222 17.497322481744472 51.307836211129555 34.03861093006184 21.614111117230603 25.804501627120416 33.46402574335542 44.78645694571123 11.91193773101898 44.57027033994375 54.55983169264629 22.7683901496515 
58.266426095743036 81.00628465167333 54.07989755482945 32.61645797667614 0.0 86.2162486753104 49.085652825015266 9.425869775329978 19.517001583654867 26.780503152374198 57.814818347679925 66.17550730551736 29.614512008563278 38.463697451789784 92.46511586488766 72.32854253468818 30.27414843477518 18.18131823169788 42.391354003094875 26.421054470594413 63.5832343940154 32.42112941762615 33.831946208674104 24.1044922980585 63.48474505789191 16.818577008216707 65.0991310910073 53.4399530737021 94.78571756906368 32.9996410114698 98.00914524183247 43.29337441063295 62.352225310328706 90.79956029966901 22.733134816689866 98.5816348989594 48.35700738679735 80.48607836830065 44.9840851019759 41.22911561554967 39.22492922108588 60.455368965978785 88.23320048710465 78.6364772130155 51.059022774543024 78.98432902894398 95.51036786200596 20.18749930864356 35.56649945097433 37.075460318662714 78.80054140771688 47.64186325641551 37.95106207546783 43.72729866304333 46.386286934708004 33.866589251628824 51.87468554193411 50.766524049701076 43.18871292005039 26.297458876833073 76.87899338328928 66.260352934271 92.9658014213939 45.40943309897314 44.48144562846026 95.45807499198101 66.54882496532039 37.82549867971397 6.335806073567278 16.884727493233484 26.728617519892957 93.00196227859233 59.249382625306886 85.552142943069 92.50218541708725 32.92574576165996 79.62858422992628 10.69622429155436 87.08591090711194 60.41500542316418 22.284351061873366 74.02880263388435 37.77393321369204 25.904814583852485 17.121382438442517 45.207100768308365 50.91329483774203 47.60304672507882 8.956240384409009 66.06399261493587 51.67321567937773 44.52138004664845 76.9568495101384 76.9809659696365 28.932793817544795 
72.99818129836054 58.432881462083856 32.68775244953716 56.11754513921919 86.2162486753104 0.0 41.39582618188284 77.24655470270274 89.36365844783056 83.6028138088471 92.95239326990898 77.03839035993519 62.42698520710152 55.776511578374446 76.41307907043615 47.52398324262166 56.31503119308355 83.29950697806032 51.11961043578661 59.8375393214525 82.76592677340093 103.4244440840662 70.4828223296003 69.66857828564486 95.39839959747356 73.44729539855717 86.15015844524322 101.16420032219342 20.120266761770356 53.97925618567081 12.516267053324302 94.30875583651799 32.919744781864786 6.069151898242983 76.8740281677874 89.04998056801209 114.96056564016646 21.598112942207173 69.97047332979803 47.34236910855308 78.25757719904045 80.33287486305406 51.40816963064788 9.458152432125239 82.63376418609542 54.607272463618784 75.72343864260681 66.6044003638786 102.0048137688359 102.4953746764064 90.76723170541788 55.20935628358237 108.26130983079325 62.12941948544039 45.797763839651324 52.37067738044219 87.04612821829235 116.74796472668646 52.025210648511134 73.60207762446915 9.343983491012615 20.615296980862848 66.90105541256952 62.00661344272195 46.017748409609524 74.08099298235761 25.62815168460325 60.94952061257413 80.09897878808184 70.77375988906385 60.466150759190775 11.135318399138246 27.14567065091171 55.4540671068608 78.46362077251172 79.930108625895 64.64008548318104 92.06179613967016 11.406993162117596 26.836726921589594 68.44316117472445 22.62065199703576 64.21169992530423 80.08976377844407 69.10508626693897 103.26881590442923 44.23521097492388 38.97878655104203 77.69739334538127 32.375930676151675 90.1543052590528 45.72154520774785 20.459661990602196 75.77796299421654 76.46322640513057 
38.26115358451922 41.71045299399344 19.594023244332746 16.520325332261653 49.085652825015266 41.39582618188284 0.0 39.66074781986933 48.48958052293967 42.225672536990814 55.136422531439536 44.98657331389423 35.78707155736798 35.01611092389501 58.837119241197044 29.336165579563346 19.74200042472084 42.53511510819086 32.87394540038336 25.556882004167676 48.441078032773795 62.0971125526068 48.02832598938108 28.88215285012679 58.760624310384905 41.21174624344646 51.732133798525744 61.43305889202486 46.02893868149087 24.16741913251312 53.90816349572029 53.62545623928232 34.9336563564687 44.60755412347369 48.38637931790076 69.43252013073834 73.66803180976488 31.46325994974674 54.1659394567399 24.849410077189408 37.657322020626275 45.269045672926914 44.27466249337777 36.6589896166644 44.27449562747683 38.268674798319225 60.38024781091409 28.9879210018557 60.60982812591508 61.11294467234472 60.720943661466215 42.47345392867378 66.87349130498244 22.400106102149824 4.563413864072331 19.743624448987028 48.454811139098815 75.51123646327693 34.92398745992882 32.305736014534766 32.86871481653288 21.0498238927721 54.35643356123449 47.34243918032956 4.842125990599056 59.513911397204616 17.852705851907487 40.73607551085125 42.7528204126177 32.310760842975654 28.839998344353326 45.63038673189074 20.230065274662692 43.748595274541955 59.980589442121705 56.25175244191046 44.1117503229569 52.709709157385504 39.25784879620381 14.969753568998343 28.375576270776676 25.078417908164152 23.176786766754013 38.73920555107362 33.218664506189945 62.29556379809454 33.737641804671206 17.6282866296606 41.880499254697106 17.265664744278528 51.20083868232561 4.675977737578672 28.09667695087727 49.46303962983656 35.06741125686079 
51.39257840882845 72.48531994969144 45.47235820486887 23.193134225162527 9.425869775329978 77.24655470270274 39.66074781986933 0.0 19.515284263176873 23.291087183722226 53.836427482958364 59.516664306447545 24.206238976606972 32.613433150405214 84.77268866488451 63.349569915741164 21.040986942279886 15.392679948859225 35.95104378465428 17.824976726153157 57.72102487549341 34.758055670336944 31.647354909222678 15.91973557689942 59.43169652201267 13.569594402515953 59.597628864792995 51.43852767429165 85.40546134467056 24.93453500977585 89.18085070167189 41.02316375889951 54.86594806905782 81.7004016080557 22.330297452533234 91.58875326129655 50.4584479769879 71.0707683164744 42.835054551382406 33.51537935930918 33.68225537779775 54.4240592172612 79.28569208788791 69.90817416755176 45.8173503250425 70.29116511122078 87.66049459792853 10.825714177606116 36.67480709049646 38.01318267296916 73.05248296483302 42.610292087934766 40.4915236404722 35.533795955826676 36.98483108847868 25.105354308675253 47.336344618473895 52.83232442197469 37.077972631636975 19.532629807372775 67.92960001624053 57.11490485872857 84.65387598100473 41.61953305673013 35.05778572222741 87.50280870917531 57.156134519433344 33.2912428635914 3.1066232495286297 7.526176076331743 19.13928222577902 83.77766622632377 50.45611402404742 76.81083452365749 84.956263156602 33.43161992070921 71.50905978516789 15.798994760656653 77.80133418697983 51.195609985206396 13.43677558157967 64.61987207379251 29.632128936509776 21.252173096168764 8.730778012653154 44.85267460575724 44.12517380295638 38.99926160897657 5.384990275671707 56.64792391173099 47.70787850505853 35.09598090893471 67.55778481295516 69.8031303974143 23.10335685559347 
44.028330347265914 70.73590139699313 59.97709718747607 33.360508577573654 19.517001583654867 89.36365844783056 48.48958052293967 19.515284263176873 0.0 10.053065351439121 39.32750679414682 51.154740759674226 43.471111150125196 51.516698312612505 79.16406202935742 64.64025644205556 34.757486768676635 6.100651805483186 54.37373826776342 34.35266394986703 47.222057416568106 15.67740721456759 51.02188407729964 19.70228621590463 44.96677833482212 32.91672783909683 48.1557600058422 33.972846982005706 93.86100775431464 41.8562913994967 101.76417000465955 23.976695912053007 71.62176277942413 92.98928465041418 40.96294325204847 83.53079472234374 31.02841170006068 78.96842341107296 62.254300109869966 50.545365465795406 23.77836410053758 44.47802145371425 79.84541463579485 83.25470094177626 34.231198564256935 69.53431406341363 82.5918772362156 25.765306397196795 17.159721403302825 18.50561032156205 61.9222642301752 61.77720258303086 21.359018386913036 34.44941053036748 44.5320568112334 40.392162231318565 34.09990945207175 33.3828359195758 55.728783460832695 16.77460376471665 80.35829012622656 68.74840248342232 81.58584114085613 61.103683063322826 43.676199449935595 82.85128917795036 66.17877946526187 52.68995121139229 19.26881188012843 21.36264750918049 37.160017242901404 94.11466145197734 64.10764984797373 76.13779333298203 78.81567137670767 51.764207688361026 67.91274109406629 11.145573135411421 87.70495641289281 62.52977648795453 21.21002504451863 72.94481681552517 29.18550512343729 11.691915885664555 26.995946312802293 25.867612698873753 62.035743393492034 53.81065132776364 24.093145772442185 63.3805978294165 33.31073047124139 43.91072890853361 76.05898239877273 62.74747320451479 16.129751114246172 
33.98254561313742 60.92106609850341 56.22813776529776 28.98234192731097 26.780503152374198 83.6028138088471 42.225672536990814 23.291087183722226 10.053065351439121 0.0 31.07077869362912 41.19348139215084 44.9663349786786 52.055746679508204 69.11335573129949 55.40026492915391 32.10838063326647 8.603357986031364 54.1403113415972 33.53274940152549 37.55437222566671 19.938826373210198 54.38375459187303 15.487259497518824 36.73524861189495 36.62326603894417 38.724839908414424 28.256523057885428 86.40909410380502 40.7077519981999 96.1055025216223 17.84145588007284 69.23287364516601 86.7678747385155 45.61687938517124 73.63569073299485 32.273621662410825 71.486814324023 65.35165669859137 49.02453531668143 13.746416776502082 34.682061482425915 70.32574957294695 78.25837113597974 24.675524190013764 59.864443452864656 72.53894686987863 25.315183869291626 18.561127881627076 19.269861411256517 52.50338871563168 62.57203765963535 24.66486741672264 25.407957388829487 37.9263438620424 38.16355016009222 25.127327148861458 34.3637281675237 55.76217573872149 10.184441362743135 74.89773743104668 63.10718514704186 71.60767433437998 62.988788530305136 37.592102078736005 72.802504263459 59.387711167072965 54.308600880625185 24.337671266812922 21.686213672622877 37.30375065127943 87.43841406745653 59.701091905619414 66.4399152179252 68.77675330249787 56.722694250084885 57.93026945725523 20.610939373777015 80.91491879998748 56.90255255385105 18.488030454331888 65.72699786049716 20.73833513689537 3.6299209208405014 28.413713334043322 23.182124614729265 60.9866260329531 50.49169810223488 28.603029051330196 55.75475450642958 24.91866689871647 37.900382194231 68.85693407058376 52.726607019171794 7.350121535013104 
20.97649731025687 49.10822691321904 73.93922842002151 49.97787333500988 57.814818347679925 92.95239326990898 55.136422531439536 53.836427482958364 39.32750679414682 31.07077869362912 0.0 21.701969451748862 72.58401975112666 78.06220255544311 48.76445795857449 50.75664874766646 55.52479136413441 39.66714844745987 78.88784160382552 59.39334075530681 14.489369208299284 36.72299367054407 83.48776464708942 41.24853225395735 5.670804706820703 66.56052387966959 12.827955938174116 12.442642650922378 88.77893611374334 65.23320712630583 105.01405057552577 16.589302130095028 88.94707438970396 94.22945902947775 75.88522298266726 48.812439260066824 34.666678270417755 75.06325326457545 93.91768373800366 72.07824559201475 21.29750214566994 14.67773065909228 60.92669581905854 90.51416749466766 10.897268119894663 50.17720040041125 52.71042203788617 52.78323503766572 31.533262538497866 30.394179881374082 24.694079381294706 88.38060117663292 36.501155576938906 32.833415217223504 50.75447450204868 61.285573950521915 7.155460761751022 34.91505077897706 80.81175411193462 35.53260333415102 85.94420823559848 74.72397819571408 55.42421675262996 90.24067372298852 52.15287896000571 53.66442174523825 67.38497556057172 81.58356366391106 55.23759464255475 50.40198130207576 63.943065917141745 93.08576715097419 75.3521682619543 55.494030197765866 47.54509463554984 86.99683085539885 43.26580085758856 50.45891540896533 86.60028087558135 69.33052773163134 45.00371685156958 71.14085283451847 34.06823938806894 32.595911189730224 57.19787337919389 22.59425733273923 83.91519822002383 69.85778682271325 59.22022826333178 60.77070929391325 6.1559312734895055 52.60467651351662 73.97200573333372 32.4608923770689 31.228323778388205 
8.255619209712108 27.54505911805007 64.55912837021856 46.72626113242217 66.17550730551736 77.03839035993519 44.98657331389423 59.516664306447545 51.154740759674226 41.19348139215084 21.701969451748862 0.0 72.12298572520547 75.36152486359707 28.737254287510694 31.20595741470174 53.050424018023165 48.925864309825386 74.85587394838578 58.475692958992894 7.3175073904089984 54.103713116609825 84.32942640108575 43.986128197306655 21.05320022301671 69.91154246043838 10.082006013554727 33.92689461431581 69.84620791727987 62.31491891089723 88.41688162121184 34.442151516520845 79.88110347602517 77.31097711623016 79.31776723631151 32.51094459485471 55.528477033374884 57.246468700805394 93.42010026333692 67.09921104051045 27.49129440953504 7.6519753316552235 39.48063158206088 76.33672635144423 17.979903094013526 28.97246972719977 32.487346515885136 54.43967319919879 49.43244247857389 48.681597935121815 15.818632526802658 84.77412902089873 55.39442057417952 26.816059749221722 41.472167990510584 57.65185718946427 20.54141438848539 56.068998605097526 76.92868951041338 40.09014862076791 71.32053326095513 61.22926530845933 34.01158601925534 88.16729799799451 43.7466841792675 33.13811238719369 52.43946698671066 80.05027847958276 61.813132286800894 53.777039072859395 63.22846302360076 75.36761123743804 64.39585385112875 33.926958462356495 28.03314968190508 89.91412497442921 21.56383349208207 61.738553931830644 69.16292098858266 56.85010860688434 47.319979151087345 54.47393475598068 31.497385218358495 40.765673367786505 59.71410243951608 42.705843572853325 77.83012127530256 62.12761534789705 64.6013599937838 44.868654209852835 23.498828950417664 44.199320802121285 56.95384893289081 11.906196439042592 37.27207776278707 
63.97303273977899 76.64194432218123 30.052017581417108 25.577129048302695 29.614512008563278 62.42698520710152 35.78707155736798 24.206238976606972 43.471111150125196 44.9663349786786 72.58401975112666 72.12298572520547 0.0 8.87840183657532 92.41919265220176 64.8643444164421 19.24468857492189 38.54052189681221 13.154681141356635 13.677279001548513 72.55669109717842 58.92466704415053 12.571219145314831 31.40579365027818 77.8020910705398 13.05230458024956 75.16013142702523 72.8628598073131 75.32493842957918 11.620074007079973 73.0620406560061 62.58385826664063 34.03102530004509 67.82458274402596 14.480794563914372 101.61541991294696 74.49952284862384 62.91896146741325 21.503409414996476 15.148628098299975 51.28872814292795 69.0631746344182 80.05579547907368 53.704408366867796 62.827001846705166 73.48924708533835 94.5112626058365 19.979718872406547 60.55272135275055 61.81153758071326 87.38892081936434 18.408733220406585 64.65841417082194 45.33028563856531 35.9469675156947 16.229336761422235 65.52621906685698 76.85155394254843 13.661975959745117 37.32906089160021 53.31296041982128 44.930858608327405 89.37650199172771 18.02597852126444 33.16872051372483 93.882701090005 49.0626391478584 9.348876119747324 25.507082498749376 23.280847817802005 8.917371690069542 71.14753268024262 35.78789403876032 79.29467490260272 93.19320167803613 20.485919170612185 77.88771164885257 39.272198421660235 66.1938782939479 40.4307414968826 27.672497733724946 56.55302870372176 40.869385264028274 41.96409727416051 16.685677944746175 67.85742202062079 21.81972054231293 24.433864550764373 20.993198249068147 51.98146011948385 66.79959050768285 32.89198433794504 58.901856261862726 80.12911108967914 41.811865892490275 
67.42383844646002 76.70479246916486 24.546822805467055 28.855297569859086 38.463697451789784 55.776511578374446 35.01611092389501 32.613433150405214 51.516698312612505 52.055746679508204 78.06220255544311 75.36152486359707 8.87840183657532 0.0 93.43303191099542 64.3117803486603 22.753942520436023 46.280895215947346 4.770096089667647 18.845205453623766 76.58936380673111 67.11061280486489 14.985198021139905 37.55830152650422 83.05704821935281 21.92229525668705 79.40514992925804 79.40985506134946 70.16184744718134 13.11282897003141 65.8045619349811 69.30955139071682 25.727328171643393 61.4186506337153 21.826585235975273 103.3736056033359 82.48416962905767 58.77716386310983 19.15051276157877 10.60876020073447 56.86003556329615 73.10415192590679 78.79193017349185 46.719806692692806 67.86144767947059 73.28471224726259 95.19708069298315 26.74086859859905 68.43932974568382 69.63438351433165 90.96798793338415 10.529106487226398 72.83263243362364 48.67545555832756 36.29433094124067 17.71006972648861 70.92298342819724 84.80761756526954 4.808680589052442 43.59768932770061 46.94731998991162 39.880535171798186 89.36970495280785 12.827242616249498 33.528519690567244 94.4054730820033 45.50076696490649 5.939922296345678 34.14912630047189 30.620108886678235 14.75204902774988 65.13328150489363 30.17617115635313 78.67880659665674 94.41188409564242 24.393496874629776 78.73123253659168 47.963776319665065 60.65388390294551 36.26734378687855 33.97508239051776 52.66352691091037 44.990940913873615 48.83542292553995 24.520890236707785 75.18042204913624 13.224076962010061 20.146104593482924 29.759272754025012 49.63881186167831 72.5044632750963 33.16352932309701 54.695726877503255 82.35975320585052 48.09783565398202 
35.14436425366723 18.625977832487504 76.2284598522478 67.26086453659045 92.46511586488766 76.41307907043615 58.837119241197044 84.77268866488451 79.16406202935742 69.11335573129949 48.76445795857449 28.737254287510694 92.41919265220176 93.43303191099542 0.0 31.50582331004963 73.39584437335462 76.2552683577445 91.65932143813568 79.50081720291735 34.80737663071834 82.83957902595627 104.98965687974558 68.85306339641326 46.0851954429344 93.2017045531877 35.937456894812875 61.187147568144546 62.437824936985834 81.28400072033732 85.28597977177697 63.045176751580236 90.39061136166308 74.42749498612085 102.19440018114561 12.663180326013645 83.39810706246847 54.82446852554946 112.48342368332128 83.61103943233262 55.40001307587987 36.27916781432325 25.85806774773982 79.20513293999815 46.71712478434551 22.617894348114497 3.9835217997315526 77.68055236595434 78.13742656195369 77.3488445992465 27.50592335115824 101.31048225315236 84.00819914489226 49.38132821694407 57.13870179163842 76.46044571888295 49.071491456759574 83.6780908802972 93.72403959946982 66.21308183973996 73.90909867177065 67.19996367056419 11.079771848734392 106.02504898790589 59.908146478576896 5.334035609675352 57.31687532964402 98.89142700542385 87.41557779175865 78.1302378479885 83.99174332783195 70.73319480089933 73.91551215454996 21.029967624837337 2.3418568800861466 111.96652266320291 14.72845653304283 89.32121182116654 65.94116169870226 65.17692245127667 71.62145344336598 55.374370474403314 55.184976099457536 68.16545771895012 83.0961952948962 70.91700425625606 92.18983774008052 76.14751387734192 89.42525343841518 49.59465174999613 51.797816952884716 60.26977864519383 56.57619157426865 16.838151604231083 64.22634925249652 
29.81332915691053 13.055598005601608 45.06577882189277 41.79510633814848 72.32854253468818 47.52398324262166 29.336165579563346 63.349569915741164 64.64025644205556 55.40026492915391 50.75664874766646 31.20595741470174 64.8643444164421 64.3117803486603 31.50582331004963 0.0 47.0969053370025 59.88250135541344 61.90973552694513 53.323416813485515 37.94488073304439 73.87135884277272 77.25384513425811 48.49665468235122 51.626192664266284 68.5046624381809 41.11614741034061 61.545757114597876 38.64025098477106 53.28272239660674 58.10689394430826 58.048748927565306 58.92797624705421 46.92835273976805 76.60077490014584 43.492845550120585 80.43196135728704 26.584833604280274 83.44866062125905 53.98200959276578 44.04405254891364 36.39112781087794 15.944061163084163 48.752277224561 42.42147402155589 9.221716854194694 32.22077494549126 54.04189192279302 70.47853681808708 70.31424464626924 43.513086184004145 71.20466149383725 77.07052616438578 30.19502043136935 29.004416268410374 48.645728888186625 46.63111087034039 81.58839217465919 63.912837913231336 48.433027586574156 43.46765478513303 35.80153396362761 25.263268877710225 76.45139159283002 31.74345122613391 31.073926658118747 25.933801435085208 70.06515423347932 66.36666729266167 55.92129317029027 57.26973183733043 44.49642223674972 42.4611988004714 14.435474105794974 33.13176755435381 85.20247032789813 17.722954086162442 72.51269692493375 38.54012832866959 33.696334635518156 50.04988252876675 25.15554165678271 35.711085722223444 52.986610432923975 59.17140110919682 67.40788066984145 61.4455781040968 45.683822918353385 66.98738336896122 18.11087040995551 50.01088041866454 31.995500443264465 27.0644969251273 28.26406654522851 48.53419597543279 
44.97463823652124 58.2086422794625 25.330330843301155 6.346652254410558 30.27414843477518 56.31503119308355 19.74200042472084 21.040986942279886 34.757486768676635 32.10838063326647 55.52479136413441 53.050424018023165 19.24468857492189 22.753942520436023 73.39584437335462 47.0969053370025 0.0 28.73123033078692 23.377241718795464 6.242812808968167 53.91551627059328 50.10365872850926 31.73396979933809 16.63866269879629 60.410780983607616 21.629807008078515 56.684808062552975 57.82975505372067 64.63644388985301 9.725390076936621 68.38093376927092 48.12514662832915 37.204824105858464 60.67694342255643 29.514967201145872 82.39507989546183 64.1688438697467 50.58261306626927 40.371412887976895 17.12360136185116 34.51014536808566 50.42390227641823 62.77884670432194 49.290650326898664 45.176723264777976 55.28988536945472 75.61997815162006 10.293609644762945 50.14558938958771 51.0768092141853 68.48627969466986 32.89305009372233 55.56060260875093 26.23629247142185 18.310481406735317 6.101807435955346 48.37047022326359 66.33874368806535 25.28735543115765 22.439694792442687 47.03134716633096 36.08073583858257 70.90492789137842 35.368318167467294 15.783187812864695 75.07342803864246 36.50187561031635 27.04403341939729 24.002722625951506 14.510727808565866 10.597372969046651 62.7455224020675 29.856878052940775 61.385030582473135 74.09854177413865 38.636823325120076 58.98273940757064 35.823686851989855 56.81225884826833 30.158901150246805 13.833353345431101 44.07654166532268 22.24799559201172 28.555693483735805 13.632805600379287 55.06295645207733 29.184125485916635 19.0668883154478 22.416340839559798 37.00416758716609 50.128863102544514 15.659666548377585 46.92020631296993 60.88444423631639 26.755434165172975 
41.34868778153614 66.70978777965033 53.90404412653036 27.26584199911604 18.18131823169788 83.29950697806032 42.53511510819086 15.392679948859225 6.100651805483186 8.603357986031364 39.66714844745987 48.925864309825386 38.54052189681221 46.280895215947346 76.2552683577445 59.88250135541344 28.73123033078692 0.0 48.910496714207895 28.63199343777567 45.76439902621095 21.44597878270621 46.98028536176573 13.675464385413626 45.3336753491996 28.95132140908895 47.10476247837161 36.175256183285384 88.09135394830042 36.10866102404054 95.68853625578082 25.797090048363646 65.71629256760934 86.97100058439871 37.61740942962957 81.4367243849311 36.265307934185316 73.22683398343689 58.116088415293206 44.75426575999817 21.51697142410593 42.761203322315154 75.33667691526729 77.1556296428953 33.039233361094 65.26071004121081 79.53932670426083 20.04114569947117 22.177320035293754 23.353586870611966 60.85910702254725 56.66483441861098 27.019777464070685 29.76123237423251 38.65776471008707 34.440946250799186 33.70043567157026 38.56296775863819 50.34863875047435 11.481631753543365 74.27681041989419 62.685439139930764 77.96509681334938 56.40757219542071 37.70802525322908 79.67793580081121 60.28301348311094 47.85460027377031 16.00741654839282 15.76320326671148 31.71747904782059 88.16479991537234 58.00926195434503 71.88688765080302 76.06901965202172 48.65558839575571 64.34836875777596 13.12030772215978 81.78161382410975 56.47062131406629 15.115858694396536 67.13825707488556 24.187325602402844 8.162092767053533 21.87520883857388 29.542208024906117 56.381165478171994 47.76390478158438 20.515657763160803 57.71818102232183 33.51746706044283 37.93035587633898 70.24322536748095 60.18499328062346 12.083133415230337 
67.08753092937093 74.52866117914215 20.409839732561334 29.055425228794842 42.391354003094875 51.11961043578661 32.87394540038336 35.95104378465428 54.37373826776342 54.1403113415972 78.88784160382552 74.85587394838578 13.154681141356635 4.770096089667647 91.65932143813568 61.90973552694513 23.377241718795464 48.910496714207895 0.0 20.607781964634658 76.53405485595488 70.03843365362481 19.428695105011972 39.181756357911844 83.71788242335026 26.143297563815743 79.46125416439966 80.95331080505352 65.8648995153971 13.744294681031239 61.05308301698766 71.02446936971069 21.02113277984957 56.805342650453206 26.578456017022223 101.95092815224723 85.17548343193255 54.862375748862036 21.904631737820434 8.051230754076695 57.877581001853635 73.07289138667649 75.98490325803414 42.01368839710194 68.46121026031824 70.99659065695347 93.25343719412481 28.993738833522706 71.07926544394118 72.21337351574425 90.58497997435579 9.923682154260753 75.73266998192119 48.460096176236554 34.69462899502276 17.66966731323639 71.73245536975244 87.46674367696913 2.0892508691013014 45.20357693408771 42.36718799750981 35.73742378603168 87.1078912094561 14.547959604057493 32.00647545109653 92.38387646779702 41.89652796641951 9.978428629808942 37.73243280737434 33.148236181222295 17.21541085387922 60.606511836159434 25.915176552963487 76.17004653783611 92.73871474038792 28.88198086662703 76.93134244320211 51.54976574649537 56.26409423176468 32.50803061354916 35.76185065069808 48.87559588003747 45.27052095064386 50.79071379153935 27.525701172572557 77.32231839614643 8.665039777518189 16.72589419115763 33.54836448021751 46.52499250675252 73.5043982287755 31.605735490804168 50.77551474914495 81.26396669784833 49.66196436981541 
50.30983633286487 64.44321214771561 27.701009995776865 12.247959574035642 26.421054470594413 59.8375393214525 25.556882004167676 17.824976726153157 34.35266394986703 33.53274940152549 59.39334075530681 58.475692958992894 13.677279001548513 18.845205453623766 79.50081720291735 53.323416813485515 6.242812808968167 28.63199343777567 20.607781964634658 0.0 58.8938481033267 50.00568348955465 25.91144139474898 18.7248259222441 64.49470313421061 15.657623072565068 61.52501194186333 60.58244506385189 69.48415562122136 7.507104575776741 71.58813368989651 50.53242810626689 37.47874003810774 64.5363536294148 23.27911700648998 88.31687827165145 64.81138763009068 55.76943600726848 35.14032926324854 16.219054388565095 38.12646947691505 55.399393511538456 68.97382072745245 52.224666715671596 49.39965821852615 61.53259555512341 81.77478907815971 8.595958746794423 50.70118896066113 51.78149920459277 73.71208702953251 29.344416270095767 55.63250901419232 31.714343263631694 24.462293828710592 7.468832046098644 52.280151931917835 67.07059088202503 22.25828760744966 24.766475668727626 50.49480449383381 40.13155697948748 77.13391008729427 30.85640202318659 21.865559226726106 81.25061856961908 41.623890824667235 22.243845087510206 20.45611332949895 13.007121727305568 4.760610242847509 66.97133198340705 32.82864368080105 67.6236100988482 80.16282581947442 32.47415244795648 65.14107086601462 33.4588934845742 61.26464899680169 34.513757113511474 15.196984015842016 49.251316665997486 27.193694320892714 30.19213283231443 9.306075307607752 56.71485710285547 27.755258389062995 21.22042452059021 17.88170919430587 42.73720167056055 53.74922831054147 21.706864471196493 51.98992198751251 66.70500810018501 29.26180673906513 
10.227245334629503 34.862074532982255 67.98797209657468 47.734176051315 63.5832343940154 82.76592677340093 48.441078032773795 57.72102487549341 47.222057416568106 37.55437222566671 14.489369208299284 7.3175073904089984 72.55669109717842 76.58936380673111 34.80737663071834 37.94488073304439 53.91551627059328 45.76439902621095 76.53405485595488 58.8938481033267 0.0 48.471692662940946 84.42857531716875 42.84327999755828 13.824469756028956 69.03160308776613 3.401595922239346 26.84074860727498 76.51898191346922 63.476636857639164 94.39715684755815 28.36779421103592 83.31733771094578 83.3662248177325 78.5024567330855 36.65777363680344 48.74000117038992 63.528071829302604 94.03327194176492 69.02821393201891 24.35835652162 3.495360445324171 46.78945503372968 81.48518233265908 13.014728889267865 36.22850149245627 38.69051621433537 53.90895562538699 43.592456988122194 42.71402031699695 15.3327994622645 86.38433861580586 49.28753031305647 28.09002214247915 44.539710695822336 58.9963018412092 14.423752482968585 49.164080176789376 78.57365553863934 38.207079774203955 76.59606702142882 66.06027587292405 40.967929499413344 89.28036863938796 46.54117916693214 39.52111565035226 57.70943057205128 80.92064749319881 59.75440749507796 52.65244401249535 63.64519045357858 81.6735497502305 68.37083227844809 41.24440249904618 33.80315672516584 89.35241719840212 28.829654978372837 58.13836265314475 75.36197750218949 61.29143699581394 46.41094242045007 60.355218499086384 31.726532032911397 37.72784704074458 58.98157733372314 36.12179124371295 80.23465332843301 64.9575265322508 62.977275196369796 50.41237613321786 16.998269973246924 47.00282219977242 62.967374767167385 18.167480387613278 34.78671552485494 
48.5870232648964 77.7076044689563 75.09856844309415 48.057604091731015 32.42112941762615 103.4244440840662 62.0971125526068 34.758055670336944 15.67740721456759 19.938826373210198 36.72299367054407 54.103713116609825 58.92466704415053 67.11061280486489 82.83957902595627 73.87135884277272 50.10365872850926 21.44597878270621 70.03843365362481 50.00568348955465 48.471692662940946 0.0 65.69261643981994 34.208950043999224 41.73322710001966 47.74593606424562 48.303580014708714 27.071528153999868 106.24224905294498 57.50302864295094 115.91083753104354 20.318237953760466 87.16006918809506 106.67762944835718 55.02221059880902 84.91277650924728 15.953570013134502 91.32947757682133 76.94254827337096 66.1748652985849 29.91242842656183 46.5936693769516 88.03546812118007 97.82309655241782 36.12667653987613 77.2396290723751 86.58078777736195 41.41134169545652 5.276089178965821 6.6748213973045045 61.313916849961984 77.29515108373698 5.734206946962348 44.64122512373931 57.84042857753483 55.87579659917736 34.05804020763051 18.362328383853157 71.37215268276105 29.822593527197927 94.62602177413041 82.87287926235706 87.1726967076939 76.32794382202846 57.412166932996826 87.16664311635088 79.32652013650178 68.0492125948146 33.969958915756784 37.031811843110304 52.82845186339608 107.37721848711736 78.95563391706042 83.63490473182101 82.06063302840634 65.34272077539207 73.6754090790107 21.83981046540353 100.85213540244605 76.65281120705856 36.333852801124095 85.63193206589177 40.4843593751776 23.36043364796944 42.6018439790053 16.04582829050811 77.70955185967763 69.0643336650004 38.82441233713862 75.58476526493654 31.85456684257427 57.70347462280249 88.76157441205966 66.00264569869876 27.25732474184674 
76.13134254785378 89.1525091124986 39.52296263123165 38.03234574692942 33.831946208674104 70.4828223296003 48.02832598938108 31.647354909222678 51.02188407729964 54.38375459187303 83.48776464708942 84.32942640108575 12.571219145314831 14.985198021139905 104.98965687974558 77.25384513425811 31.73396979933809 46.98028536176573 19.428695105011972 25.91144139474898 84.42857531716875 65.69261643981994 0.0 42.311092302183674 88.8594943208735 18.11024216529505 86.90981400793083 82.62875716474979 85.14666725666063 23.98799413493377 80.08295503458693 72.2228468066457 39.16376999543164 76.21046689314586 11.584620353973916 114.12899821524178 81.60965688134674 73.61302215361587 11.253614735479596 25.160570045688832 62.31238180520992 80.94623088219596 92.28014565311622 61.28972114358124 74.15212614305318 85.95736896514067 107.07912653158164 30.80412081911013 68.1159835330718 69.50753219601985 99.42223808141532 17.710528573983062 71.3617525476386 57.61413404135617 48.42770997467465 28.716097006536977 76.55163070751175 84.0099127476273 18.467458898188838 47.95773382725856 61.79133003696835 54.84499769636206 101.88629923395554 12.792194230604752 45.639659748629846 106.44348368727763 60.1264792907699 9.537230685921905 31.81908963111622 33.170516522670525 21.207711536873276 80.0346964781707 45.1613244330859 91.68931726466921 105.75744249600413 9.455400858889472 90.45743652768763 44.44839391773771 75.62946883713651 51.05090012746693 38.56561092532512 67.41837460733963 52.908009439363354 51.767303252187375 26.325629085365637 76.49486541610973 26.664697865783612 34.84467862837369 26.958874625608676 63.72607742207155 77.54474834570016 45.347472795582746 69.54062802287467 92.5853907386054 52.31946042368915 
