40
0.0 75.99045888141451 66.918116002511 70.69403717728453 10.342781941131918 70.6441782351716 22.78106016017445 37.980048607855366 32.260188656662926 10.708521579475747 25.491025293194667 29.381768110001897 83.7836511784392 58.8094904412136 95.46405087664752 33.19067839883478 57.716402318776495 43.851771539851555 42.63494897801287 36.051476687537246 28.815522169504423 8.573933506486416 91.88098927514355 33.51661961702651 43.204437617561744 92.02951407012729 8.905717793042777 78.03035199157519 85.83094462728633 67.39429944839586 87.43019150505773 35.67421686247639 22.992591311719373 10.188761702105902 29.112732478951035 94.85931893667411 59.03698551429056 62.3282630952882 38.249760738213716 21.088267721532166 
75.99045888141451 0.0 85.22513147090446 5.713254986774468 70.24911753577449 94.01638756964729 55.63344335403815 77.9292954680205 44.33183475243008 68.25925498191748 50.65197508097923 66.72112153939273 42.630390431733076 41.234135477374835 36.94421118576155 59.17022713623669 95.23100411563075 51.497571825124865 34.25399502280107 67.3185806458948 87.56828975597335 72.20453222069105 33.576978347982 42.48163433261007 54.18176060766439 36.03283219306485 83.96405975176467 61.672436727010265 23.43505108686039 22.981423466813666 35.99372663725074 81.52042834704591 74.67784220488413 86.17849621335343 88.31982723014748 26.64147556337927 31.306258333300487 47.46011675836121 45.5054218797307 95.82912202103704 
66.918116002511 85.22513147090446 0.0 80.19763363926968 57.30360891891309 8.920950278969896 55.256937967066165 29.363303397386517 60.48486894901075 58.113783342104796 61.954213477848405 38.70480728215577 56.78387571667973 100.18019851603648 75.27851211116993 39.37712068242649 20.40613937721794 93.59572355840844 73.34453350429332 32.16180143060223 44.80712680561359 58.56043695879064 73.73755182441097 65.97158601716629 35.66384390217904 71.69138304928333 65.83100788050386 34.03353770154992 75.62583633133369 95.00265249544503 66.3715807835154 33.10074217720748 44.06368877492374 70.70475451071285 45.17537887448078 84.64491761113901 93.43465055306575 106.84620669688806 48.59361809463542 68.28963269859082 
70.69403717728453 5.713254986774468 80.19763363926968 0.0 64.73228107751494 88.93828699171733 50.063291955458624 72.26648193294194 38.84363912184411 62.76666992093759 45.27481271113933 61.00968186797808 40.427969045721 39.77643330379051 37.32254774831043 53.46835470013486 89.75597954598742 48.447413161335234 29.503244699022325 61.65344809115625 81.86124950877688 66.70928686328072 33.70076610279345 37.24289741661455 48.62185092793987 35.845919678873834 78.5620490225799 57.922608649330535 23.714534961410262 22.789922543540957 34.93585553220574 75.82761386361913 68.97728731460707 80.8815822145303 82.61322412752526 28.8502027535755 29.623406277364083 46.425201756469804 39.79427937997744 90.36261457054329 
10.342781941131918 70.24911753577449 57.30360891891309 64.73228107751494 0.0 61.5791320946731 14.824047244705733 28.998513566167098 25.924455344330966 2.241097847512495 20.07396751885698 19.18292166954076 74.3352095520528 58.91396831446404 86.83789589241404 22.90429359717063 49.81965589375909 45.711635905133186 38.66248670124599 25.901879418086814 23.72399899604538 2.192156137466943 83.35241674468196 28.667267976278207 33.01951277434297 83.30649838371909 14.679396119787064 67.7483237516357 77.92171984598411 64.61009221605362 78.52548695734882 27.553330978776433 14.306623657818344 18.434423387080688 24.242146465237305 87.22235394223117 57.35274238957442 63.45356582586344 29.275439288857093 25.731527271501367 
70.6441782351716 94.01638756964729 8.920950278969896 88.93828699171733 61.5791320946731 0.0 61.349540472248144 32.67918948921222 67.56553533442813 62.652631061677205 68.41750056871268 43.911549023129496 65.40142087357796 107.6687205111301 83.9131064410653 45.83361123898507 17.127524034079805 100.27170881213407 80.9159420831932 37.78131248664404 45.96593931852527 62.58910888351491 82.46424280210682 73.07307137730821 43.40540889622487 80.36305219311 68.48377442407535 42.179158730788416 84.51612029992279 103.24205452064092 75.0830871480169 35.373853865442044 47.66595590374719 73.2845115488427 46.197642920186524 93.49186819950832 101.27516372487804 114.1959935088206 56.17367587038486 69.38548769789612 
22.78106016017445 55.63344335403815 55.256937967066165 50.063291955458624 14.824047244705733 61.349540472248144 0.0 31.546817679061707 11.576994064544184 13.06491575237751 7.776449529514995 18.162859785125804 61.301827453079625 49.43227513165031 72.69035762749725 15.986866483917558 53.227011858503765 39.29930975683048 25.702804313844084 23.61050206814824 34.002130210831695 16.91480879717497 69.12071975253758 15.531699282975097 23.595759564174095 69.24878037382094 29.27160606932331 58.112445518539694 63.306221391557116 51.92669728602339 64.66198930787839 32.55413871948651 21.30990341010445 32.46314992295044 34.68882653581908 72.51390266746571 45.913980265074834 55.04824482388662 15.662071741397217 40.55323095627417 
37.980048607855366 77.9292954680205 29.363303397386517 72.26648193294194 28.998513566167098 32.67918948921222 31.546817679061707 0.0 40.62807203777686 30.218671540413343 39.25318904170274 13.480608060678689 64.90949383610922 80.69391759521771 81.493819809469 19.319080605041623 21.74607063638329 70.70189953605042 55.299141072743446 10.614213093589418 17.23203290167538 29.926342572608842 78.7695130975808 45.842642061581905 24.48351845247843 77.68819377341376 36.46845798181097 49.710531046298485 76.77071273770518 80.57642441917636 72.25338957253197 5.156334340302268 14.99030518204639 41.34380464689281 17.818383037455323 86.56086187891302 76.16508268458831 86.52385492078123 32.9939886216305 39.79214368482902 
32.260188656662926 44.33183475243008 60.48486894901075 38.84363912184411 25.924455344330966 67.56553533442813 11.576994064544184 40.62807203777686 0.0 23.928412773377755 6.96945999173472 27.26941629997931 55.2185619762513 40.439048264168505 64.40536264574777 22.174008549891756 61.72942176035228 33.404615511810285 14.763440250227976 31.1555010845542 45.31202077509404 27.8732095970607 60.690274739899955 5.507632115763721 25.42179958089767 61.18963977980772 39.785662609769695 56.5983807778928 53.922901157168546 40.74170795340291 57.05430897090616 42.52291904640396 32.42816482009063 42.379026568506866 46.01796946789803 62.7358361511038 35.555306695477036 46.718084893285095 12.96830773963844 51.51921343664042 
10.708521579475747 68.25925498191748 58.113783342104796 62.76666992093759 2.241097847512495 62.652631061677205 13.06491575237751 30.218671540413343 23.928412773377755 0.0 17.934872213497314 19.641748319219012 73.27890368937504 56.7010821569917 85.45662065173823 22.60274630526749 51.30684678189338 43.61419977573359 36.47646446132613 26.375975528404428 25.810070893464893 3.9458715223953678 81.93824078793092 26.518383030578818 32.51966564041217 81.95601232240185 16.214070637164337 67.39608235398653 76.33046905592494 62.39120161465659 77.23741655510445 29.078291977105412 15.827656557071602 19.62622267944274 26.345830168519694 85.57111709638443 55.111996079404484 61.283649718766874 27.957372049351026 27.613095423652275 
25.491025293194667 50.65197508097923 61.954213477848405 45.27481271113933 20.07396751885698 68.41750056871268 7.776449529514995 39.25318904170274 6.96945999173472 17.934872213497314 0.0 25.810951943741873 61.716526076733174 41.65809906274501 71.32822616378682 22.61929350057088 60.879638867016034 31.8938885501885 18.69069593012973 30.900842683915915 41.33198776674434 21.84596925954038 67.6246373226835 8.596134936187815 28.412367284541137 68.08474401364138 33.31354121097011 61.52597916019889 60.89023946850952 44.850425619944254 63.8798826264565 40.330387119461065 28.87056307748458 35.65844610561995 41.99370628572154 69.674081073473 38.368462392106565 47.29131810913963 17.516781718409593 45.25853095254072 
29.381768110001897 66.72112153939273 38.70480728215577 61.00968186797808 19.18292166954076 43.911549023129496 18.162859785125804 13.480608060678689 27.26941629997931 19.641748319219012 25.810951943741873 0.0 60.24390866242596 67.21497932388728 75.1313279198417 7.880674312702805 35.07350536909619 57.438998578144954 42.004984773383 6.7363975216051 21.50759493188316 20.807887761334396 72.02420948101242 32.40751385947005 17.180437220864096 71.3930439669085 30.910086087507384 49.93424261813691 68.54556353095455 67.5975588516421 66.16962585018726 15.394609731806447 10.101545404217614 35.592417172266465 22.271354476979585 78.2909463652813 62.82388359196646 73.0542873366029 21.215825197761895 38.18263385315611 
83.7836511784392 42.630390431733076 56.78387571667973 40.427969045721 74.3352095520528 65.40142087357796 61.301827453079625 64.90949383610922 55.2185619762513 73.27890368937504 61.716526076733174 60.24390866242596 0.0 77.50383350897366 18.512983728348726 53.09015710454097 73.58154211492976 81.1192724765123 56.8432565920869 56.48655734784604 80.53986502149883 76.51206171247829 17.39061014327936 57.86260447615057 43.06716707307178 15.029899277149658 88.77983824875926 24.22254171694957 22.698870299031448 62.800346114748876 10.066972318477436 69.92300003526573 70.34112638297547 92.7693778123381 81.26483324580873 29.631477261353787 67.58089194711846 84.64263128172773 45.64190285132837 97.98000855802786 
58.8094904412136 41.234135477374835 100.18019851603648 39.77643330379051 58.91396831446404 107.6687205111301 49.43227513165031 80.69391759521771 40.439048264168505 56.7010821569917 41.65809906274501 67.21497932388728 77.50383350897366 0.0 77.07841693829744 62.613045635000056 102.07605549417603 16.63922051211321 26.848585291102193 71.56567947909224 82.17087855907396 59.93537767687569 73.41507117757617 35.00961011761176 64.52650351714347 75.43175512140975 67.68967311371398 88.96040573252675 63.488223582369265 18.9636866998259 73.90158566104324 81.9844369790103 70.26508021996705 67.55809318818844 82.77141295349136 67.87023914735711 10.17363727712829 7.248514637960312 51.587238230555144 79.65208010285232 
95.46405087664752 36.94421118576155 75.27851211116993 37.32254774831043 86.83789589241404 83.9131064410653 72.69035762749725 81.493819809469 64.40536264574777 85.45662065173823 71.32822616378682 75.1313279198417 18.512983728348726 77.07841693829744 0.0 67.50425555499442 91.70160715526335 84.3223074130379 61.789367883507346 72.29841896479482 96.20399175105841 89.02736022125458 3.8439630328974217 65.65347180293642 58.18807003064586 3.808041915304961 101.51312841585174 42.48983240094562 13.63169030180469 59.723197604740115 9.290843279505175 86.34178685974615 85.06328712516633 105.06742641328587 96.9513401567059 14.154827406558535 66.91099014057652 83.74319697336425 57.566920836211715 111.68542529956449 
33.19067839883478 59.17022713623669 39.37712068242649 53.46835470013486 22.90429359717063 45.83361123898507 15.986866483917558 19.319080605041623 22.174008549891756 22.60274630526749 22.61929350057088 7.880674312702805 53.09015710454097 62.613045635000056 67.50425555499442 0.0 39.68230760624775 54.43858242077645 36.48083723592936 9.10141257509116 29.387818320124904 24.904744678865786 64.33775564192662 27.626555313669922 10.32064376165087 63.78876975287388 36.39838663051208 44.84557076602603 60.68946461238013 61.337345856530554 58.62556894190723 22.400437457928717 17.56278384741038 40.79588277820431 30.151653113734532 70.42639802597368 57.353791901199685 68.8383050622081 13.782104592150393 44.90726519277665 
57.716402318776495 95.23100411563075 20.40613937721794 89.75597954598742 49.81965589375909 17.127524034079805 53.227011858503765 21.74607063638329 61.72942176035228 51.30684678189338 60.879638867016034 35.07350536909619 73.58154211492976 102.07605549417603 91.70160715526335 39.68230760624775 0.0 92.44051675715582 76.16286624255609 30.601650041090743 30.63021660435062 50.38106524594683 89.64648159093063 67.08730121747244 41.285022069268855 87.96339052627691 54.158703074143645 52.791718725279814 89.84157229012148 100.66307533056909 82.49069777996587 22.269443704198988 35.51666363687712 58.77806378796387 30.713293410525477 99.36786085254819 97.034668303831 108.06202331492975 52.48197026568447 53.4709393635749 
43.851771539851555 51.497571825124865 93.59572355840844 48.447413161335234 45.711635905133186 100.27170881213407 39.29930975683048 70.70189953605042 33.404615511810285 43.61419977573359 31.8938885501885 57.438998578144954 81.1192724765123 16.63922051211321 84.3223074130379 54.43858242077645 92.44051675715582 0.0 24.549810954264075 62.78414939574949 69.42328676376633 46.35045251741369 80.50450309795964 28.111661239352475 58.82640577841852 82.05619778806727 52.57068968426576 88.15017374711944 71.22222504478378 32.42471842471624 79.50993495354209 71.12461436224773 58.50629736574679 51.92130956065806 69.95166653979203 77.29247471979372 22.085022317870603 18.588283718846156 46.18630802123481 64.20547066544175 
42.63494897801287 34.25399502280107 73.34453350429332 29.503244699022325 38.66248670124599 80.9159420831932 25.702804313844084 55.299141072743446 14.763440250227976 36.47646446132613 18.69069593012973 42.004984773383 56.8432565920869 26.848585291102193 61.789367883507346 36.48083723592936 76.16286624255609 24.549810954264075 0.0 45.56699778159513 59.70493290811928 40.32111034162359 57.946313909219676 10.198511148551718 37.68377600328895 59.14297967843454 51.09200927507339 63.9814505198625 49.46658697332786 26.233069112987206 56.04276767229126 57.285090821725895 46.95349700285864 52.7316139849532 60.390858009777666 56.94813737951746 20.88653171824432 33.663417088105085 24.76393618088991 63.27145024871246 
36.051476687537246 67.3185806458948 32.16180143060223 61.65344809115625 25.901879418086814 37.78131248664404 23.61050206814824 10.614213093589418 31.1555010845542 26.375975528404428 30.900842683915915 6.7363975216051 56.48655734784604 71.56567947909224 72.29841896479482 9.10141257509116 30.601650041090743 62.78414939574949 45.56699778159513 0.0 24.05710073065441 27.48137126397686 69.39549737788293 36.55607351519098 14.345911061179297 68.51203526927287 37.095997345208886 44.25167308134626 66.80851133813694 70.38837468320352 63.156058960299475 14.549260759737296 15.23111707414728 41.86464675547358 24.78632031606208 76.6042598525974 66.44605957488646 77.68886311166827 22.488084508475268 43.4101482239166 
28.815522169504423 87.56828975597335 44.80712680561359 81.86124950877688 23.72399899604538 45.96593931852527 34.002130210831695 17.23203290167538 45.31202077509404 25.810070893464893 41.33198776674434 21.50759493188316 80.53986502149883 82.17087855907396 96.20399175105841 29.387818320124904 30.63021660435062 69.42328676376633 59.70493290811928 24.05710073065441 0.0 23.315437693313406 93.20910448741009 49.526185790079595 38.02016690774453 92.43265540804467 23.801121475046056 66.79117653454958 90.02188531407147 85.92530326706255 87.11692564095301 12.288990100279543 12.981589739320347 28.263409483140755 0.7641695266802224 99.7789634160911 79.6846425731368 87.0016950319615 42.29774854260969 23.528238956889332 
8.573933506486416 72.20453222069105 58.56043695879064 66.70928686328072 2.192156137466943 62.58910888351491 16.91480879717497 29.926342572608842 27.8732095970607 3.9458715223953678 21.84596925954038 20.807887761334396 76.51206171247829 59.93537767687569 89.02736022125458 24.904744678865786 50.38106524594683 46.35045251741369 40.32111034162359 27.48137126397686 23.315437693313406 0.0 85.53945522128559 30.415818599317454 35.07527735001405 85.4974611167312 12.494663935074042 69.72883839255304 80.08107383842686 66.14334441593341 80.71764308801181 28.129399943615574 15.013867635754742 16.258431858075586 23.780735396307527 89.36619579538748 58.690753260408876 64.29056495036038 31.466276605834828 23.683516276058416 
91.88098927514355 33.576978347982 73.73755182441097 33.70076610279345 83.35241674468196 82.46424280210682 69.12071975253758 78.7695130975808 60.690274739899955 81.93824078793092 67.6246373226835 72.02420948101242 17.39061014327936 73.41507117757617 3.8439630328974217 64.33775564192662 89.64648159093063 80.50450309795964 57.946313909219676 69.39549737788293 93.20910448741009 85.53945522128559 0.0 61.867911919807575 55.195074602479764 2.9839221315725823 98.03153276978418 41.612510652647956 10.145308448344716 56.22332593008714 7.398298182387706 83.5578359360462 81.89986815830582 101.53358585718001 93.96025765801565 12.840016570363344 63.24315573704333 80.1236708287316 54.10194592479952 108.31597145503703 
33.51661961702651 42.48163433261007 65.97158601716629 37.24289741661455 28.667267976278207 73.07307137730821 15.531699282975097 45.842642061581905 5.507632115763721 26.518383030578818 8.596134936187815 32.40751385947005 57.86260447615057 35.00961011761176 65.65347180293642 27.626555313669922 67.08730121747244 28.111661239352475 10.198511148551718 36.55607351519098 49.526185790079595 30.415818599317454 61.867911919807575 0.0 30.77983874447201 62.620742928892746 41.64935867374761 60.988098142397256 54.41738963813201 36.430202223644905 58.819693357926305 47.51157813444203 36.82353027568206 43.70213566304768 50.208357842946405 62.787941004428745 30.53992058704174 41.22731572622538 18.075992274770663 53.70171567400932 
43.204437617561744 54.18176060766439 35.66384390217904 48.62185092793987 33.01951277434297 43.40540889622487 23.595759564174095 24.48351845247843 25.42179958089767 32.51966564041217 28.412367284541137 17.180437220864096 43.06716707307178 64.52650351714347 58.18807003064586 10.32064376165087 41.285022069268855 58.82640577841852 37.68377600328895 14.345911061179297 38.02016690774453 35.07527735001405 55.195074602479764 30.77983874447201 0.0 54.4220578450908 46.71258680786765 34.95496424021507 52.465297285876524 60.138521859835826 49.132945065436125 28.836913565556603 27.274293692751797 51.0792831252039 38.76948850910083 62.26148331847135 57.87310230327262 71.24061404079285 12.96480783131352 55.09437152369837 
92.02951407012729 36.03283219306485 71.69138304928333 35.845919678873834 83.30649838371909 80.36305219311 69.24878037382094 77.68819377341376 61.18963977980772 81.95601232240185 68.08474401364138 71.3930439669085 15.029899277149658 75.43175512140975 3.808041915304961 63.78876975287388 87.96339052627691 82.05619778806727 59.14297967843454 68.51203526927287 92.43265540804467 85.4974611167312 2.9839221315725823 62.620742928892746 54.4220578450908 0.0 97.97462122235808 39.18093013355386 12.6496808092374 58.501846668813336 5.495722889658747 82.53992726524963 81.34266893809352 101.57686535007676 93.17910940763149 15.775506303995932 65.25903338097385 82.21420205276736 54.03120407985147 108.06193996157411 
8.905717793042777 83.96405975176467 65.83100788050386 78.5620490225799 14.679396119787064 68.48377442407535 29.27160606932331 36.46845798181097 39.785662609769695 16.214070637164337 33.31354121097011 30.910086087507384 88.77983824875926 67.68967311371398 101.51312841585174 36.39838663051208 54.158703074143645 52.57068968426576 51.09200927507339 37.095997345208886 23.801121475046056 12.494663935074042 98.03153276978418 41.64935867374761 46.71258680786765 97.97462122235808 0.0 80.78120926935563 92.53977626993736 76.1610960760728 93.1691617778786 33.120691721411255 22.264723811019 4.882772271232936 23.893544082446684 101.78393435540835 67.91028321341142 71.0994619457539 43.94702540511816 12.254423181351683 
78.03035199157519 61.672436727010265 34.03353770154992 57.922608649330535 67.7483237516357 42.179158730788416 58.112445518539694 49.710531046298485 56.5983807778928 67.39608235398653 61.52597916019889 49.93424261813691 24.22254171694957 88.96040573252675 42.48983240094562 44.84557076602603 52.791718725279814 88.15017374711944 63.9814505198625 44.25167308134626 66.79117653454958 69.72883839255304 41.612510652647956 60.988098142397256 34.95496424021507 39.18093013355386 80.78120926935563 0.0 45.85517919455205 77.92197807787217 34.27307433491768 54.848559885229044 59.462303987585216 85.36934038500883 67.42498354437409 53.68411392767195 79.99828136349612 96.18977496218524 44.03705061894851 87.65476071771307 
85.83094462728633 23.43505108686039 75.62583633133369 23.714534961410262 77.92171984598411 84.51612029992279 63.306221391557116 76.77071273770518 53.922901157168546 76.33046905592494 60.89023946850952 68.54556353095455 22.698870299031448 63.488223582369265 13.63169030180469 60.68946461238013 89.84157229012148 71.22222504478378 49.46658697332786 66.80851133813694 90.02188531407147 80.08107383842686 10.145308448344716 54.41738963813201 52.465297285876524 12.6496808092374 92.53977626993736 45.85517919455205 0.0 46.10700129117703 13.73921263672894 81.28573683846282 78.0747818670976 95.73292503992401 90.78360762670339 9.796470553195782 53.32839308500365 70.12167534996534 49.100700293164394 103.36230505099451 
67.39429944839586 22.981423466813666 95.00265249544503 22.789922543540957 64.61009221605362 103.24205452064092 51.92669728602339 80.57642441917636 40.74170795340291 62.39120161465659 44.850425619944254 67.5975588516421 62.800346114748876 18.9636866998259 59.723197604740115 61.337345856530554 100.66307533056909 32.42471842471624 26.233069112987206 70.38837468320352 85.92530326706255 66.14334441593341 56.22332593008714 36.430202223644905 60.138521859835826 58.501846668813336 76.1610960760728 77.92197807787217 46.10700129117703 0.0 57.7243117841445 82.98472821791401 73.1281875362052 77.15558237315823 86.61472605486799 49.499378923834406 10.340326556650329 24.63294007776421 48.18418707172849 88.41551637358774 
87.43019150505773 35.99372663725074 66.3715807835154 34.93585553220574 78.52548695734882 75.0830871480169 64.66198930787839 72.25338957253197 57.05430897090616 77.23741655510445 63.8798826264565 66.16962585018726 10.066972318477436 73.90158566104324 9.290843279505175 58.62556894190723 82.49069777996587 79.50993495354209 56.04276767229126 63.156058960299475 87.11692564095301 80.71764308801181 7.398298182387706 58.819693357926305 49.132945065436125 5.495722889658747 93.1691617778786 34.27307433491768 13.73921263672894 57.7243117841445 0.0 77.12460148336133 76.15828808509153 96.86295219885069 87.86076738296599 19.628487192688613 63.76873525749276 80.84201767967491 49.28035627038222 103.08046375366587 
35.67421686247639 81.52042834704591 33.10074217720748 75.82761386361913 27.553330978776433 35.373853865442044 32.55413871948651 5.156334340302268 42.52291904640396 29.078291977105412 40.330387119461065 15.394609731806447 69.92300003526573 81.9844369790103 86.34178685974615 22.400437457928717 22.269443704198988 71.12461436224773 57.285090821725895 14.549260759737296 12.288990100279543 28.129399943615574 83.5578359360462 47.51157813444203 28.836913565556603 82.53992726524963 33.120691721411255 54.848559885229044 81.28573683846282 82.98472821791401 77.12460148336133 0.0 13.259285290552983 37.940887015909546 12.827208388073995 91.08201573016336 78.02872142655043 87.54685292057106 36.17708608877107 35.348628006307244 
22.992591311719373 74.67784220488413 44.06368877492374 68.97728731460707 14.306623657818344 47.66595590374719 21.30990341010445 14.99030518204639 32.42816482009063 15.827656557071602 28.87056307748458 10.101545404217614 70.34112638297547 70.26508021996705 85.06328712516633 17.56278384741038 35.51666363687712 58.50629736574679 46.95349700285864 15.23111707414728 12.981589739320347 15.013867635754742 81.89986815830582 36.82353027568206 27.274293692751797 81.34266893809352 22.264723811019 59.462303987585216 78.0747818670976 73.1281875362052 76.15828808509153 13.259285290552983 0.0 27.12344175612992 13.715110299556649 87.76678503208855 67.2036886211025 75.4669761211459 29.635198980167765 28.264655513159394 
10.188761702105902 86.17849621335343 70.70475451071285 80.8815822145303 18.434423387080688 73.2845115488427 32.46314992295044 41.34380464689281 42.379026568506866 19.62622267944274 35.65844610561995 35.592417172266465 92.7693778123381 67.55809318818844 105.06742641328587 40.79588277820431 58.77806378796387 51.92130956065806 52.7316139849532 41.86464675547358 28.263409483140755 16.258431858075586 101.53358585718001 43.70213566304768 51.0792831252039 101.57686535007676 4.882772271232936 85.36934038500883 95.73292503992401 77.15558237315823 96.86295219885069 37.940887015909546 27.12344175612992 0.0 28.295783336941074 104.84713975970472 68.5080814792598 70.50959189533398 47.58259885349654 12.378550502882605 
29.112732478951035 88.31982723014748 45.17537887448078 82.61322412752526 24.242146465237305 46.197642920186524 34.68882653581908 17.818383037455323 46.01796946789803 26.345830168519694 41.99370628572154 22.271354476979585 81.26483324580873 82.77141295349136 96.9513401567059 30.151653113734532 30.713293410525477 69.95166653979203 60.390858009777666 24.78632031606208 0.7641695266802224 23.780735396307527 93.96025765801565 50.208357842946405 38.76948850910083 93.17910940763149 23.893544082446684 67.42498354437409 90.78360762670339 86.61472605486799 87.86076738296599 12.827208388073995 13.715110299556649 28.295783336941074 0.0 100.54121525939253 80.3380650904312 87.57084307192065 43.057626950072354 23.228284438097273 
94.85931893667411 26.64147556337927 84.64491761113901 28.8502027535755 87.22235394223117 93.49186819950832 72.51390266746571 86.56086187891302 62.7358361511038 85.57111709638443 69.674081073473 78.2909463652813 29.631477261353787 67.87023914735711 14.154827406558535 70.42639802597368 99.36786085254819 77.29247471979372 56.94813737951746 76.6042598525974 99.7789634160911 89.36619579538748 12.840016570363344 62.787941004428745 62.26148331847135 15.775506303995932 101.78393435540835 53.68411392767195 9.796470553195782 49.499378923834406 19.628487192688613 91.08201573016336 87.76678503208855 104.84713975970472 100.54121525939253 0.0 57.892471517676995 74.0727287633549 58.63119944313807 112.76969999113642 
59.03698551429056 31.306258333300487 93.43465055306575 29.623406277364083 57.35274238957442 101.27516372487804 45.913980265074834 76.16508268458831 35.555306695477036 55.111996079404484 38.368462392106565 62.82388359196646 67.58089194711846 10.17363727712829 66.91099014057652 57.353791901199685 97.034668303831 22.085022317870603 20.88653171824432 66.44605957488646 79.6846425731368 58.690753260408876 63.24315573704333 30.53992058704174 57.87310230327262 65.25903338097385 67.91028321341142 79.99828136349612 53.32839308500365 10.340326556650329 63.76873525749276 78.02872142655043 67.2036886211025 68.5080814792598 80.3380650904312 57.892471517676995 0.0 17.101981674768023 45.18386898952168 80.12504434152952 
62.3282630952882 47.46011675836121 106.84620669688806 46.425201756469804 63.45356582586344 114.1959935088206 55.04824482388662 86.52385492078123 46.718084893285095 61.283649718766874 47.29131810913963 73.0542873366029 84.64263128172773 7.248514637960312 83.74319697336425 68.8383050622081 108.06202331492975 18.588283718846156 33.663417088105085 77.68886311166827 87.0016950319615 64.29056495036038 80.1236708287316 41.22731572622538 71.24061404079285 82.21420205276736 71.0994619457539 96.18977496218524 70.12167534996534 24.63294007776421 80.84201767967491 87.54685292057106 75.4669761211459 70.50959189533398 87.57084307192065 74.0727287633549 17.101981674768023 0.0 58.27779320740149 82.7885484331135 
38.249760738213716 45.5054218797307 48.59361809463542 39.79427937997744 29.275439288857093 56.17367587038486 15.662071741397217 32.9939886216305 12.96830773963844 27.957372049351026 17.516781718409593 21.215825197761895 45.64190285132837 51.587238230555144 57.566920836211715 13.782104592150393 52.48197026568447 46.18630802123481 24.76393618088991 22.488084508475268 42.29774854260969 31.466276605834828 54.10194592479952 18.075992274770663 12.96480783131352 54.03120407985147 43.94702540511816 44.03705061894851 49.100700293164394 48.18418707172849 49.28035627038222 36.17708608877107 29.635198980167765 47.58259885349654 43.057626950072354 58.63119944313807 45.18386898952168 58.27779320740149 0.0 54.33671897726122 
21.088267721532166 95.82912202103704 68.28963269859082 90.36261457054329 25.731527271501367 69.38548769789612 40.55323095627417 39.79214368482902 51.51921343664042 27.613095423652275 45.25853095254072 38.18263385315611 97.98000855802786 79.65208010285232 111.68542529956449 44.90726519277665 53.4709393635749 64.20547066544175 63.27145024871246 43.4101482239166 23.528238956889332 23.683516276058416 108.31597145503703 53.70171567400932 55.09437152369837 108.06193996157411 12.254423181351683 87.65476071771307 103.36230505099451 88.41551637358774 103.08046375366587 35.348628006307244 28.264655513159394 12.378550502882605 23.228284438097273 112.76969999113642 80.12504434152952 82.7885484331135 54.33671897726122 0.0 
