8
0.0 32.371290609793164 16.245465885760396 82.0702723548536 71.621643635362 46.94804902216401 62.34599600600058 74.70235698602832 
32.371290609793164 0.0 22.08477094902597 50.23209984271699 45.95481646071977 55.59456880435858 72.03046436590098 42.386285799775756 
16.245465885760396 22.08477094902597 0.0 68.53523384246441 67.00902658830925 38.18538032477643 54.72092110693244 63.33096170352834 
82.0702723548536 50.23209984271699 68.53523384246441 0.0 49.591300355159994 86.30136737397068 99.07598806208611 16.28278245261176 
71.621643635362 45.95481646071977 67.00902658830925 49.591300355159994 0.0 101.24267683339441 117.44867038585019 33.32539256360955 
46.94804902216401 55.59456880435858 38.18538032477643 86.30136737397068 101.24267683339441 0.0 16.62472416284595 87.86795089262475 
62.34599600600058 72.03046436590098 54.72092110693244 99.07598806208611 117.44867038585019 16.62472416284595 0.0 102.27705929791317 
74.70235698602832 42.386285799775756 63.33096170352834 16.28278245261176 33.32539256360955 87.86795089262475 102.27705929791317 0.0 
