50
0.0 26.747184481490102 44.421361729497875 42.36720059108496 26.669631664570197 47.63866077740425 20.981744061929525 14.612512041983592 38.008248337234754 44.71140998179339 22.22117721747087 48.04450579701963 44.88173430552658 15.578749260575025 53.433022231092146 38.12447963467126 26.287733499537328 37.39505611936791 44.94027245181424 66.54123067496262 36.97845591991852 45.86854608297574 40.47018262242887 42.452599387684295 3.952591394169626 31.221045746409164 56.38649000479138 42.26992000832111 59.99895923175404 42.21735510325563 32.366392782477654 28.55698280915883 52.83901565470704 6.56518308238835 46.51000633660038 34.299909891031085 51.08261441892267 30.711147692460063 47.07331584519289 45.24666164707519 36.85938600682645 46.712691401561194 41.06447219838291 25.370591663817596 44.257315233654104 21.381961370394176 9.587733879052253 20.51658972363354 17.01766103441711 46.764516454290536 
26.747184481490102 0.0 17.751751062430728 61.1439730383791 35.109361962016614 71.33063266836363 47.68081869210018 22.122137917896097 60.027880380631814 18.661009885215165 25.11396293189338 38.18352786598717 68.3229032381469 35.908945823055774 67.03313065031291 24.03559430080941 42.38674682134861 22.647968530298304 40.572475623459795 55.60432209712037 41.412077993164 54.32596233414965 16.37316452387869 46.010350728230414 30.32100398869013 38.71333908707399 74.55299907938411 61.411755413360524 46.02569121572034 43.06467206277342 32.16940040972137 51.20137970230193 53.329510810696306 32.9829685373081 20.07354228413597 50.43505235194998 38.719375562934594 34.794742155527516 20.678871317069753 71.34634176171403 48.19860639765645 71.46628395020666 64.62474197930224 32.17130327318704 41.99193762518303 10.629000752435042 19.964586783348235 6.298940781235367 15.763698340004444 20.04816953938481 
44.421361729497875 17.751751062430728 0.0 77.18639989445283 47.43229824414305 88.58070926584325 65.26636911052512 37.496886782849664 75.48368451328689 8.650812748784315 39.879002302342144 42.97653648424356 84.20072959306873 53.16641080786276 78.37963351755458 29.81692086157279 56.60104866782067 24.904486898972547 48.55578225153743 52.59146342579405 50.74681040573602 64.03488021447575 14.091526551150121 57.352356979025195 47.89171626103599 49.97951096374033 87.81207965541573 75.6047849173785 41.735997292973 53.493225870785174 44.02740700899694 67.17604489322612 58.69781986696916 50.52715267577994 3.143583272433445 63.98462299120084 41.431032508374166 47.95433383752685 3.7872220265558014 89.0772016635044 59.90724339644314 88.9632892846909 80.62309436657515 44.43055132929092 47.398083987730686 26.590645228346215 37.57466192296228 23.90617920418416 31.10404884423042 2.463223534044757 
42.36720059108496 61.1439730383791 77.18639989445283 0.0 67.48620567722399 18.529603656079576 37.55921465894878 56.97646178898856 62.507178588250106 73.22147048251553 37.455168580261045 52.28737911344341 63.496892997544386 27.116319434402907 86.36653333601048 53.99993939841446 62.846215183609736 78.51376391041707 43.543897851347886 108.88618912475867 77.8818937367469 83.94856472238587 66.69036486084099 31.070256479886368 42.15339945545625 71.71316216130774 83.04508152279796 70.59374556395542 101.95886996717105 35.31839505625035 37.09937436600041 55.66157100857508 93.88353498912369 41.44457146000369 80.08237313113781 68.52213829492392 57.137834545260155 31.912884120346245 80.73900652385373 30.99217428583922 74.45573414043606 22.963558943764994 60.67498061369188 66.86780588824628 86.28251699526918 50.875914378018884 42.724092077597284 56.70074127877822 58.37865854017879 78.94843299970182 
26.669631664570197 35.109361962016614 47.43229824414305 67.48620567722399 0.0 68.46493249633302 34.68288395166835 15.055109628234192 30.609349552438335 52.285225295560004 46.39432788503726 69.43052301616773 39.859407537450146 41.883996452418785 31.924063034666368 56.649824271751626 10.982751932648432 26.601342564963304 68.56001924217831 44.57751670499767 10.43072849109827 20.315770489786367 51.39561587394129 68.31780486898768 25.641249780210742 4.593634072863592 40.379811971654014 28.661872849966368 41.25306330816081 67.41595618731681 56.673551103186064 24.860297662507996 26.439563508477356 26.050038834812316 47.89473896717855 16.787363205172227 71.28611460781607 56.17045252951621 48.18134464061135 61.07301637200407 13.09476522688254 65.91825587544908 36.86830426204008 3.0165118931493065 19.691279192458534 38.08207372517451 32.46234557999532 30.670447466408326 19.95177731151733 49.81452787420566 
47.63866077740425 71.33063266836363 88.58070926584325 18.529603656079576 68.46493249633302 0.0 34.184178374213715 61.47509788421754 55.071198469279715 86.00206705209237 50.686511828735846 69.49331232235153 53.47720856701646 35.4403471089838 80.55242221156456 69.12861450885192 61.20255769316987 85.01434734330448 61.107031780384276 112.42000741243494 78.30953889817236 81.50840201602351 79.91711547589273 49.116558632428216 45.87933171709405 72.07139229996451 74.39580554280899 63.8171584308723 107.01393077582097 53.101850555804795 52.98496580150903 50.57201116721602 93.80785148039918 44.17029688121837 91.21916148506513 64.90664481691259 74.27969358458154 47.762849173323204 91.85121032675913 15.086501035435369 72.31286380694051 5.4734977196115615 51.470743155245486 68.66579613306666 88.11831216656434 62.05656480076138 51.484143466152304 65.92409650892043 64.65566972656559 90.61366002694612 
20.981744061929525 47.68081869210018 65.26636911052512 37.55921465894878 34.68288395166835 34.184178374213715 0.0 30.843799465176268 25.608557048774387 65.67097108215275 38.20397060452098 64.15718229405604 28.982035196487473 21.869308518768268 48.81145301615847 56.808561461048335 27.031561140754967 54.8112489338303 58.842695403738446 79.14769597129616 44.241112395514456 47.61729289604564 61.22373666514189 52.0951865664684 17.375690215134465 38.03897764097644 46.280650121737175 33.20795316495708 74.77030003666462 53.650922152909956 46.56164649450452 18.106787629213713 59.62959711348662 14.743960748766016 67.2303315444193 31.399829429517833 67.97089335011509 42.95761799907035 67.77176516947216 26.760194906512325 38.28360315967137 31.280682184370626 25.4625231596023 35.26593027788881 54.3655999082386 41.90186690068855 29.554140650601674 41.41074388314407 35.846455128059866 67.63869980916458 
14.612512041983592 22.122137917896097 37.496886782849664 56.97646178898856 15.055109628234192 61.47509788421754 30.843799465176268 0.0 38.13876624609543 40.53562386308298 31.60278740172131 54.4204332983692 46.724774356905385 30.05771073964308 46.151840705914594 41.887056053135325 20.348994268591586 24.046066491570368 53.54354953402643 51.93142196844041 24.28694411486362 35.370765123724404 38.39048464074565 53.8750039142077 15.606957864475552 19.49159469933098 52.60358887823935 39.30339029469617 45.62257805180644 52.69036510078483 41.79831384722033 29.67917275476936 39.502039460909174 17.399212353415095 38.78413275489644 28.554857196074373 56.39761934348817 41.63148736227326 39.22413313351916 57.2340253964749 27.658850697835934 60.011956877906954 43.12887485545276 12.737340275633228 30.086322385839978 23.233089239943748 17.884088139578257 16.67267016310084 6.4777136311207535 39.96007726599322 
38.008248337234754 60.027880380631814 75.48368451328689 62.507178588250106 30.609349552438335 55.071198469279715 25.608557048774387 38.13876624609543 0.0 78.60942727471807 59.67669049586583 85.86159357702417 9.256339034458705 46.02651387514764 25.71128606661582 76.02645342262991 19.744934957914573 57.07232787424838 81.90154193403467 70.92188479463925 35.18165126262044 31.03388471507907 75.95105545451698 76.73559822566223 34.26469321468839 30.852652708757816 20.681113277944707 8.833028385287149 70.132953405902 77.73340872570864 69.27446309578323 9.453219506882217 46.42878856059031 32.14770872415537 76.53079561008511 15.714009139054422 89.05464341713183 66.49551754372283 76.91756586037712 42.525028026432466 24.377984986595834 50.64491996206602 6.705605604702703 33.10773117259107 46.204338612148234 58.32470658836348 47.5283752003631 54.11474765809742 44.61529793533717 77.94281414351008 
44.71140998179339 18.661009885215165 8.650812748784315 73.22147048251553 52.285225295560004 86.00206705209237 65.67097108215275 40.53562386308298 78.60942727471807 0.0 35.82312902700512 34.952269606347286 86.97127290989222 51.02501851047209 83.90108107085105 22.59232519488345 60.5347992480599 32.28195308687813 41.18153945118087 61.179104171634606 56.84634841888837 70.12847986067207 6.834653143065967 50.93417552186192 48.47267051428879 55.32922883978167 92.4236398148944 79.6284056446284 50.35457672156771 46.80322904782408 38.20934172934749 69.84877579083066 66.05461158327905 51.1527113841899 11.333489570065808 68.34654247785905 33.07715079370751 42.62138019322921 11.834248775675558 87.94383542477149 65.1614021505934 86.90173855039139 83.2803644286448 49.272421873725705 54.623764649744444 24.474538295278155 36.60046324275497 24.838226570404064 34.0720861325799 8.367967145819396 
22.22117721747087 25.11396293189338 39.879002302342144 37.455168580261045 46.39432788503726 50.686511828735846 38.20397060452098 31.60278740172131 59.67669049586583 35.82312902700512 0.0 26.264239034110297 65.72776880919824 17.76119944871336 75.40171558550217 19.44358791327337 48.19873090983127 45.994969956093406 22.75110055679934 78.76234734899874 55.88470140862426 66.55313550315385 29.428224825498425 22.619736838059545 25.599007098148864 50.94403364246507 78.56185310177666 64.43506612493323 70.02623153322615 21.091507030688188 10.338499088676713 50.26481281393844 70.79355832476448 27.541278942091235 42.84807168716404 56.3792306377536 29.822750513828638 10.425062431718642 43.509079430205816 54.7750170006029 58.07487620632055 52.18040039583141 61.94514253724045 44.304983114429234 60.582957741452205 14.490287457499873 13.98572443562997 22.422977388008388 29.069475755971894 41.555320985707105 
48.04450579701963 38.18352786598717 42.97653648424356 52.28737911344341 69.43052301616773 69.49331232235153 64.15718229405604 54.4204332983692 85.86159357702417 34.952269606347286 26.264239034110297 0.0 91.98875714946779 42.711891496202526 100.1340694933641 14.260200993510807 73.14892894873613 60.527533780719295 9.127095460119838 92.92572512436267 77.7288076601103 89.70370659438278 28.89677743966219 22.088198148112717 51.64207566289972 73.73542358074992 104.3656650420147 90.27519182193973 82.68738487207638 17.407763498067354 17.929073557764134 76.42583204669774 91.03998092952259 53.71630719922782 45.99475365772224 81.49354892511293 4.86025153786589 22.578033126788565 46.565737036080826 77.18142289813865 82.01004603966686 72.43711428498814 88.20835595637251 66.89263902265655 79.89496368219531 31.502824897185306 38.879486217081336 39.88615090407605 49.913421282443814 43.255818105120866 
44.88173430552658 68.3229032381469 84.20072959306873 63.496892997544386 39.859407537450146 53.47720856701646 28.982035196487473 46.724774356905385 9.256339034458705 86.97127290989222 65.72776880919824 91.98875714946779 0.0 50.65038915734544 30.663449655306685 82.98575241360874 28.964900214136648 66.28319970925652 87.35869432009461 79.6244925429463 44.21927310129139 38.89952983384249 83.98454013599306 81.07399090965413 40.98399365285786 40.067971777315876 21.184600392168296 15.11849658239434 79.2029765721823 82.5332726055528 74.85920543459446 17.122498267707936 54.62564107675102 38.608063958437576 85.35615346923933 24.686000541065763 95.44850727393329 71.6210357064817 85.7610256388627 39.572003204880076 33.14529551698115 48.55772738726786 3.8174931678923483 42.33133625864019 55.16162757948571 65.82915385883233 54.468285768485174 62.27319769793849 53.172556929022036 86.66349623369824 
15.578749260575025 35.908945823055774 53.16641080786276 27.116319434402907 41.883996452418785 35.4403471089838 21.869308518768268 30.05771073964308 46.02651387514764 51.02501851047209 17.76119944871336 42.711891496202526 50.65038915734544 0.0 65.80140899783666 37.18686487749718 39.565355267102255 51.50613366329307 37.00066886457281 81.85452103067806 52.2879079633086 60.212078052902456 45.30173681248694 30.709502400081245 16.31195326014237 46.35168005752472 66.19477340461138 52.30331300917096 74.84539173455487 31.889929921518945 24.887244225356064 37.11161002276846 68.23999477818852 16.573435234213637 55.782124988285915 46.74272988017906 46.77882585772506 21.091699395737063 56.41296215085594 37.36524260609515 50.881831796162956 35.911668942484255 47.009916153962074 40.81360168613858 59.83493513155973 26.74110082210964 16.23918202739892 30.671718205568347 31.27475562224444 55.232796893743256 
53.433022231092146 67.03313065031291 78.37963351755458 86.36653333601048 31.924063034666368 80.55242221156456 48.81145301615847 46.151840705914594 25.71128606661582 83.90108107085105 75.40171558550217 100.1340694933641 30.663449655306685 65.80140899783666 0.0 88.01684755846546 27.203912652380257 54.93745498224019 98.12975675846259 55.72966238771175 28.016869051329724 15.535966296527357 83.29920853596197 95.61455979043194 50.67039567881801 28.57251366468941 14.28355843548923 16.8790338756746 58.719914078159924 95.63150836739804 85.6877937997853 30.735992773193086 29.66375645986327 49.55040616010461 78.39969611620653 19.18963403338346 102.40354679483069 84.11714465132425 78.5901077733455 68.23529767973007 18.838055453056437 76.26906622222523 30.80288040255472 34.87131048181379 35.630476988280634 69.35498846870827 61.6150907223256 62.46164188694054 51.723026391904035 80.66124477545542 
38.12447963467126 24.03559430080941 29.81692086157279 53.99993939841446 56.649824271751626 69.12861450885192 56.808561461048335 41.887056053135325 76.02645342262991 22.59232519488345 19.44358791327337 14.260200993510807 82.98575241360874 37.18686487749718 88.01684755846546 0.0 61.506226145535585 46.27207033906371 18.739706714584806 78.70048353854415 64.37975935813299 76.73811785703855 15.916704238700406 28.584305838478862 42.00283848964188 60.78348020260776 93.41405104680464 79.49996415648522 68.53086173003321 24.296834736524488 17.05084924055828 66.60008258275248 77.18537547197639 44.402110333956045 32.93274607186071 69.88612223853468 14.824278883739733 22.11869761027089 33.54677022882908 74.14405411742355 69.52008268963405 71.08584443142516 79.16845693650671 53.96111518869381 65.93745305645275 18.661896747911992 28.541502531646188 26.33409540266559 36.78669078557092 30.493643928770666 
26.287733499537328 42.38674682134861 56.60104866782067 62.846215183609736 10.982751932648432 61.20255769316987 27.031561140754967 20.348994268591586 19.744934957914573 60.5347992480599 48.19873090983127 73.14892894873613 28.964900214136648 39.565355267102255 27.203912652380257 61.506226145535585 0.0 37.32739789976324 70.93229080674493 54.14157173124266 17.98664632570594 21.10589612783009 58.71331873251147 68.65291864535202 23.760215927030877 12.303944197844977 32.263207167186586 19.095966900332336 51.774558818895805 68.50461719948308 58.4846802075702 14.111693806257405 32.70275010629368 23.00478029063918 57.40448729042677 8.381889489847076 75.61895201193201 56.99870303202292 57.75124576577872 52.25315095700426 11.61206067431456 58.067473662658 25.90219873537642 13.366501691992966 28.890866979899503 42.94036876791883 34.452297647807015 37.01488257672466 26.623471517038638 59.03883650151325 
37.39505611936791 22.647968530298304 24.904486898972547 78.51376391041707 26.601342564963304 85.01434734330448 54.8112489338303 24.046066491570368 57.07232787424838 32.28195308687813 45.994969956093406 60.527533780719295 66.28319970925652 51.50613366329307 54.93745498224019 46.27207033906371 37.32739789976324 0.0 63.21825147696646 33.04800057549478 26.921259075194932 39.948202737926934 34.51607923098525 68.01718918550496 39.295508971523844 27.712638396091307 65.79684222694502 55.1029825380457 24.05353885690503 65.3915421870836 54.29800186188767 50.37302278577607 33.83278723361778 41.32546595655917 24.16400558922006 43.19951903180341 60.5790755322539 56.26332266349227 24.229979665068687 81.28004726193431 37.36141357867187 83.85054241724208 63.12563885675706 23.97002458669821 22.493970395003497 32.11087772904081 35.95429048540465 23.57922737879602 20.421532101748987 26.867034503466446 
44.94027245181424 40.572475623459795 48.55578225153743 43.543897851347886 68.56001924217831 61.107031780384276 58.842695403738446 53.54354953402643 81.90154193403467 41.18153945118087 22.75110055679934 9.127095460119838 87.35869432009461 37.00066886457281 98.12975675846259 18.739706714584806 70.93229080674493 63.21825147696646 0.0 96.14514608788814 77.5792629236044 88.849289999929 34.618269626786144 12.980055680880623 48.19300303697614 73.03419082123774 101.16429597817877 87.03761170265088 86.32841515932562 8.342655852599972 12.648753933161204 72.57705762949034 91.774739650526 49.96000044662426 51.67244445658302 79.12904298858483 13.925003182043922 15.944119410642813 52.28602778267328 69.59819172642366 80.60861157673197 64.3144953232157 83.64119987616257 66.26333147823884 80.98557883546226 32.019131945866846 36.556909792474706 40.87644622237305 49.920040372033824 49.207731233960104 
66.54123067496262 55.60432209712037 52.59146342579405 108.88618912475867 44.57751670499767 112.42000741243494 79.14769597129616 51.93142196844041 70.92188479463925 61.179104171634606 78.76234734899874 92.92572512436267 79.6244925429463 81.85452103067806 55.72966238771175 78.70048353854415 54.14157173124266 33.04800057549478 96.14514608788814 0.0 36.2774884025189 41.70519373109647 65.26803036010861 100.99663579473615 67.21548263189409 41.88960335819689 69.8263206723769 65.03342639730995 10.982829050506805 98.43528398171792 87.32277525158842 68.05987131199788 26.12099235645365 68.52130428310099 50.37595052927926 55.239958249581846 92.48672617811559 89.12031257068853 50.06239737172067 105.64894237857301 46.5472968815235 110.22508826495668 77.62735115332558 43.90035306327724 25.2508559611444 65.12663899770257 67.55388826583342 56.464988628835336 51.021699508762275 53.57339202042535 
36.97845591991852 41.412077993164 50.74681040573602 77.8818937367469 10.43072849109827 78.30953889817236 44.241112395514456 24.28694411486362 35.18165126262044 56.84634841888837 55.88470140862426 77.7288076601103 44.21927310129139 52.2879079633086 28.016869051329724 64.37975935813299 17.98664632570594 26.921259075194932 77.5792629236044 36.2774884025189 0.0 13.302641097564175 57.09686840468403 78.12245586734647 36.06760538684277 6.257691496680527 39.44993449553917 30.633082253971097 34.98492885716253 76.97488169795838 66.04296127885122 31.78549084225425 16.01278156872808 36.463454368275734 50.570757220015125 19.533572337576985 79.18015174387862 65.89812950065982 50.72977883062792 70.10600135027681 11.535059196538024 75.51215875214864 41.848162842333444 11.725394130598213 11.109579440130226 46.23031645477494 42.131696791930736 38.046107176947245 27.832522991933274 52.95937595825982 
45.86854608297574 54.32596233414965 64.03488021447575 83.94856472238587 20.315770489786367 81.50840201602351 47.61729289604564 35.370765123724404 31.03388471507907 70.12847986067207 66.55313550315385 89.70370659438278 38.89952983384249 60.212078052902456 15.535966296527357 76.73811785703855 21.10589612783009 39.948202737926934 88.849289999929 41.70519373109647 13.302641097564175 0.0 70.22177637575984 88.1529195037563 44.01785550031536 15.975112854230591 28.652647588224937 23.85440795511237 43.58414434088513 87.47974407747645 76.86773938489164 31.419263554205926 15.873282863306542 43.67936613006619 63.804332845993336 16.82845158896029 91.45257524133166 76.1256069439283 63.94715751982201 71.22680839907862 9.493867919803352 77.9712369802475 37.54356077211132 22.81801030066697 20.11205017259206 58.278585716317416 52.57432797403115 50.515135032136364 39.95225086574149 66.23332891869461 
40.47018262242887 16.37316452387869 14.091526551150121 66.69036486084099 51.39561587394129 79.91711547589273 61.22373666514189 38.39048464074565 75.95105545451698 6.834653143065967 29.428224825498425 28.89677743966219 83.98454013599306 45.30173681248694 83.29920853596197 15.916704238700406 58.71331873251147 34.51607923098525 34.618269626786144 65.26803036010861 57.09686840468403 70.22177637575984 0.0 44.119568748843506 44.35118742536674 54.85187258618215 90.91294926565445 77.69023267270474 54.664744871143576 40.02425512491813 31.38620144900567 66.91816612088331 67.68433256988183 47.016282620860736 17.148568311927498 66.79920050225954 27.555906450126066 35.847906890151265 17.74038035651589 82.50494428020113 64.4620536039328 81.03009283388197 80.2320851888641 48.430254546914725 56.20017396741826 19.379148928425483 31.749244395259602 21.868076960740975 32.10918299893753 14.58971470521119 
42.452599387684295 46.010350728230414 57.352356979025195 31.070256479886368 68.31780486898768 49.116558632428216 52.0951865664684 53.8750039142077 76.73559822566223 50.93417552186192 22.619736838059545 22.088198148112717 81.07399090965413 30.709502400081245 95.61455979043194 28.584305838478862 68.65291864535202 68.01718918550496 12.980055680880623 100.99663579473615 78.12245586734647 88.1529195037563 44.119568748843506 0.0 44.95284137416293 72.90686235257435 96.8433692193296 82.8735214753158 91.88281044724631 4.720159993650343 13.847658261695075 67.78069011991494 93.27931321640887 46.130411630273876 60.49278896721356 76.42529478107281 26.904275986753937 12.270714701061374 61.13957779942224 58.85744433761683 79.28662598206 52.73443862855593 77.5120648215734 66.43866869110363 83.18620379232088 35.9137099103369 35.99560110309702 44.53950880803431 51.68239871496272 58.410241575575675 
3.952591394169626 30.32100398869013 47.89171626103599 42.15339945545625 25.641249780210742 45.87933171709405 17.375690215134465 15.606957864475552 34.26469321468839 48.47267051428879 25.599007098148864 51.64207566289972 40.98399365285786 16.31195326014237 50.67039567881801 42.00283848964188 23.760215927030877 39.295508971523844 48.19300303697614 67.21548263189409 36.06760538684277 44.01785550031536 44.35118742536674 44.95284137416293 0.0 30.06845558782842 52.98190963486101 38.85340321381854 61.21654852406474 45.033539214656926 35.56088985368467 24.813478260650985 52.060584052997214 2.6801331459274844 49.87987339959145 31.481549921680845 54.79007171950638 33.52523756473613 50.4277307597455 42.43952053237894 34.78575208271379 44.55536451076282 37.1665484962326 24.767066637180573 44.12938999550294 25.32225923372727 13.496717531391974 24.04136162971564 19.255642549650823 50.263014054633594 
31.221045746409164 38.71333908707399 49.97951096374033 71.71316216130774 4.593634072863592 72.07139229996451 38.03897764097644 19.49159469933098 30.852652708757816 55.32922883978167 50.94403364246507 73.73542358074992 40.067971777315876 46.35168005752472 28.57251366468941 60.78348020260776 12.303944197844977 27.712638396091307 73.03419082123774 41.88960335819689 6.257691496680527 15.975112854230591 54.85187258618215 72.90686235257435 30.06845558782842 0.0 38.19541223694465 27.5921911051608 39.590520465626014 71.98147285578163 61.20829767650376 26.37929286188372 22.177992741846676 30.34075289873145 50.19233920215098 15.797956345753573 75.48283405623583 60.75242144468569 50.42956347764407 64.05637434437287 9.929947530759495 69.31839315694876 37.37953442479889 6.843620218190822 16.660635852220707 42.30365540721377 37.03007234620508 34.62206097587211 23.999078864369896 52.30644034753734 
56.38649000479138 74.55299907938411 87.81207965541573 83.04508152279796 40.379811971654014 74.39580554280899 46.280650121737175 52.60358887823935 20.681113277944707 92.4236398148944 78.56185310177666 104.3656650420147 21.184600392168296 66.19477340461138 14.28355843548923 93.41405104680464 32.263207167186586 65.79684222694502 101.16429597817877 69.8263206723769 39.44993449553917 28.652647588224937 90.91294926565445 96.8433692193296 52.98190963486101 38.19541223694465 0.0 14.128518734668807 72.23664430949205 97.55330611081192 88.52156650025913 29.085141780136194 43.70760355479755 51.23734152198155 88.23028039653698 24.12091866644073 107.17740430577312 86.15731342669258 88.49771562909925 60.73172609147533 28.43638851057971 69.59733019356162 22.931601132980887 43.38300145592615 48.51530414830047 75.005838428197 65.50847926082601 69.27470112022684 58.804234734338245 90.19293760662757 
42.26992000832111 61.411755413360524 75.6047849173785 70.59374556395542 28.661872849966368 63.8171584308723 33.20795316495708 39.30339029469617 8.833028385287149 79.6284056446284 64.43506612493323 90.27519182193973 15.11849658239434 52.30331300917096 16.8790338756746 79.49996415648522 19.095966900332336 55.1029825380457 87.03761170265088 65.03342639730995 30.633082253971097 23.85440795511237 77.69023267270474 82.8735214753158 38.85340321381854 27.5921911051608 14.128518734668807 0.0 65.38425473208875 83.49262442976135 74.39610521941528 15.354680581917584 39.667061526579204 37.12456673595323 76.30081748324125 11.905879507012981 93.13974379572811 72.07335101962259 76.62315535482895 51.3562857353952 19.135991883218136 59.44725291891949 14.334788413711578 31.53076986212446 41.173163626568616 61.21454317515589 51.44371272936919 55.89101585005118 45.663399622866386 78.03132528725716 
59.99895923175404 46.02569121572034 41.735997292973 101.95886996717105 41.25306330816081 107.01393077582097 74.77030003666462 45.62257805180644 70.132953405902 50.35457672156771 70.02623153322615 82.68738487207638 79.2029765721823 74.84539173455487 58.719914078159924 68.53086173003321 51.774558818895805 24.05353885690503 86.32841515932562 10.982829050506805 34.98492885716253 43.58414434088513 54.664744871143576 91.88281044724631 61.21654852406474 39.590520465626014 72.23664430949205 65.38425473208875 0.0 89.07858142049867 78.09227726223035 65.88467071457781 29.664223705359998 62.8436508334648 39.452907851774604 54.518188614010214 82.04440598156198 80.25086683081688 39.12535504065056 101.5216458485368 46.284283500235574 105.27401774629033 76.77095241067228 39.88324426606388 24.21526574171502 55.98609840193094 59.75640149809415 47.603254186373455 43.586696421168035 42.65035692798606 
42.21735510325563 43.06467206277342 53.493225870785174 35.31839505625035 67.41595618731681 53.101850555804795 53.650922152909956 52.69036510078483 77.73340872570864 46.80322904782408 21.091507030688188 17.407763498067354 82.5332726055528 31.889929921518945 95.63150836739804 24.296834736524488 68.50461719948308 65.3915421870836 8.342655852599972 98.43528398171792 76.97488169795838 87.47974407747645 40.02425512491813 4.720159993650343 45.033539214656926 71.98147285578163 97.55330611081192 83.49262442976135 89.07858142049867 0.0 11.217022266280155 68.60354353226015 91.83339325363835 46.45327051887649 56.63679502477418 76.46491856066685 22.241653719490827 11.515211585775946 57.27633155029894 62.22072157609414 78.81828578134493 56.50619352366687 78.8997433325619 65.37849009065086 81.47421893930711 33.3395478643507 34.953635352596805 42.14110934743966 49.980111840970046 54.44489351295388 
32.366392782477654 32.16940040972137 44.02740700899694 37.09937436600041 56.673551103186064 52.98496580150903 46.56164649450452 41.79831384722033 69.27446309578323 38.20934172934749 10.338499088676713 17.929073557764134 74.85920543459446 24.887244225356064 85.6877937997853 17.05084924055828 58.4846802075702 54.29800186188767 12.648753933161204 87.32277525158842 66.04296127885122 76.86773938489164 31.38620144900567 13.847658261695075 35.56088985368467 61.20829767650376 88.52156650025913 74.39610521941528 78.09227726223035 11.217022266280155 0.0 59.936988696083795 80.73772263304973 37.311322232743564 47.1495299937897 66.62448339831808 22.26338212774269 5.241345615214159 47.80460368656175 59.58624562036906 68.41329201043551 55.44094195484149 71.1221790127892 54.527507445382426 70.29945655197272 22.196404445268573 24.31816841131471 30.95201228608019 38.83480955376266 45.259189808764 
28.55698280915883 51.20137970230193 67.17604489322612 55.66157100857508 24.860297662507996 50.57201116721602 18.106787629213713 29.67917275476936 9.453219506882217 69.84877579083066 50.26481281393844 76.42583204669774 17.122498267707936 37.11161002276846 30.735992773193086 66.60008258275248 14.111693806257405 50.37302278577607 72.57705762949034 68.05987131199788 31.78549084225425 31.419263554205926 66.91816612088331 67.78069011991494 24.813478260650985 26.37929286188372 29.085141780136194 15.354680581917584 65.88467071457781 68.60354353226015 59.936988696083795 0.0 45.37675118528481 22.724560860861043 68.41404729017357 14.59215151834813 79.60268378888499 57.28641836485435 68.83604005165338 39.808981140807205 22.847989352655617 46.74369965437083 13.46037383247278 26.850969930209242 42.83477279524044 49.01414459861556 38.0867655713524 45.1661118071502 36.10016317941828 69.63924150564223 
52.83901565470704 53.329510810696306 58.69781986696916 93.88353498912369 26.439563508477356 93.80785148039918 59.62959711348662 39.502039460909174 46.42878856059031 66.05461158327905 70.79355832476448 91.03998092952259 54.62564107675102 68.23999477818852 29.66375645986327 77.18537547197639 32.70275010629368 33.83278723361778 91.774739650526 26.12099235645365 16.01278156872808 15.873282863306542 67.68433256988183 93.27931321640887 52.060584052997214 22.177992741846676 43.70760355479755 39.667061526579204 29.664223705359998 91.83339325363835 80.73772263304973 45.37675118528481 0.0 52.47524521567876 57.71851371350961 31.255616344370537 91.97605841965868 81.01124412171596 57.702541676586854 84.81222890192136 22.58176911396466 90.76588744747741 53.05466552933167 27.46886185806399 11.484995113794456 59.874869858274906 57.3525119509274 51.19796579267782 41.933650421365606 60.569946922567794 
6.56518308238835 32.9829685373081 50.52715267577994 41.44457146000369 26.050038834812316 44.17029688121837 14.743960748766016 17.399212353415095 32.14770872415537 51.1527113841899 27.541278942091235 53.71630719922782 38.608063958437576 16.573435234213637 49.55040616010461 44.402110333956045 23.00478029063918 41.32546595655917 49.96000044662426 68.52130428310099 36.463454368275734 43.67936613006619 47.016282620860736 46.130411630273876 2.6801331459274844 30.34075289873145 51.23734152198155 37.12456673595323 62.8436508334648 46.45327051887649 37.311322232743564 22.724560860861043 52.47524521567876 0.0 52.48842137439041 30.38766583162755 56.973898260736505 34.986499781428066 53.03171955788181 40.138805374814986 34.318025558472755 42.61276930226644 34.79330867965063 25.477058023018675 45.00306729931286 27.944641229282396 15.984778058394964 26.697965136924047 21.53373927181249 52.90457160480541 
46.51000633660038 20.07354228413597 3.143583272433445 80.08237313113781 47.89473896717855 91.21916148506513 67.2303315444193 38.78413275489644 76.53079561008511 11.333489570065808 42.84807168716404 45.99475365772224 85.35615346923933 55.782124988285915 78.39969611620653 32.93274607186071 57.40448729042677 24.16400558922006 51.67244445658302 50.37595052927926 50.570757220015125 63.804332845993336 17.148568311927498 60.49278896721356 49.87987339959145 50.19233920215098 88.23028039653698 76.30081748324125 39.452907851774604 56.63679502477418 47.1495299937897 68.41404729017357 57.71851371350961 52.48842137439041 0.0 64.57778488146312 44.3402970269676 51.04106835152367 0.6622339120362952 91.3934388533533 60.11581861660253 91.49324775793089 81.82748170498763 44.91986003359215 46.55564767556453 29.35294582359039 40.019276190591725 26.060020059572672 32.49788368167067 3.1976909722907725 
34.299909891031085 50.43505235194998 63.98462299120084 68.52213829492392 16.787363205172227 64.90664481691259 31.399829429517833 28.554857196074373 15.714009139054422 68.34654247785905 56.3792306377536 81.49354892511293 24.686000541065763 46.74272988017906 19.18963403338346 69.88612223853468 8.381889489847076 43.19951903180341 79.12904298858483 55.239958249581846 19.533572337576985 16.82845158896029 66.79920050225954 76.42529478107281 31.481549921680845 15.797956345753573 24.12091866644073 11.905879507012981 54.518188614010214 76.46491856066685 66.62448339831808 14.59215151834813 31.255616344370537 30.38766583162755 64.57778488146312 0.0 83.9937688406231 64.94970798909779 64.88329818538568 54.39837998119156 8.771342437351809 61.23760115968406 22.413821623389794 19.696350764156605 30.503939584826924 51.309618913308654 42.73152830125256 45.221992084380815 34.69438824677618 66.39429544487592 
51.08261441892267 38.719375562934594 41.431032508374166 57.137834545260155 71.28611460781607 74.27969358458154 67.97089335011509 56.39761934348817 89.05464341713183 33.07715079370751 29.822750513828638 4.86025153786589 95.44850727393329 46.77882585772506 102.40354679483069 14.824278883739733 75.61895201193201 60.5790755322539 13.925003182043922 92.48672617811559 79.18015174387862 91.45257524133166 27.555906450126066 26.904275986753937 54.79007171950638 75.48283405623583 107.17740430577312 93.13974379572811 82.04440598156198 22.241653719490827 22.26338212774269 79.60268378888499 91.97605841965868 56.973898260736505 44.3402970269676 83.9937688406231 0.0 27.10933363019251 44.87475114078539 81.75124356644388 84.05604823524351 77.16057455919571 91.65094438765666 68.64714531786035 80.69369657886308 33.204479477376566 41.70807408743691 41.14213963691352 51.51064009188665 41.444988416272174 
30.711147692460063 34.794742155527516 47.95433383752685 31.912884120346245 56.17045252951621 47.762849173323204 42.95761799907035 41.63148736227326 66.49551754372283 42.62138019322921 10.425062431718642 22.578033126788565 71.6210357064817 21.091699395737063 84.11714465132425 22.11869761027089 56.99870303202292 56.26332266349227 15.944119410642813 89.12031257068853 65.89812950065982 76.1256069439283 35.847906890151265 12.270714701061374 33.52523756473613 60.75242144468569 86.15731342669258 72.07335101962259 80.25086683081688 11.515211585775946 5.241345615214159 57.28641836485435 81.01124412171596 34.986499781428066 51.04106835152367 64.94970798909779 27.10933363019251 0.0 51.70138396509303 54.64193290906662 67.3834728898896 50.284567079862086 67.93554741185119 54.23374698382962 70.92871413237921 24.348520662650266 23.767650399721255 32.69074772283957 39.437854901939424 49.3376189890412 
47.07331584519289 20.678871317069753 3.7872220265558014 80.73900652385373 48.18134464061135 91.85121032675913 67.77176516947216 39.22413313351916 76.91756586037712 11.834248775675558 43.509079430205816 46.565737036080826 85.7610256388627 56.41296215085594 78.5901077733455 33.54677022882908 57.75124576577872 24.229979665068687 52.28602778267328 50.06239737172067 50.72977883062792 63.94715751982201 17.74038035651589 61.13957779942224 50.4277307597455 50.42956347764407 88.49771562909925 76.62315535482895 39.12535504065056 57.27633155029894 47.80460368656175 68.83604005165338 57.702541676586854 53.03171955788181 0.6622339120362952 64.88329818538568 44.87475114078539 51.70138396509303 0.0 91.98448060233126 60.348384572496485 92.11238993029603 82.24147147174062 45.21310016939794 46.57509058843612 30.00091153080432 40.6316611038705 26.639970016098378 32.95967987188211 3.5690903216045706 
45.24666164707519 71.34634176171403 89.0772016635044 30.99217428583922 61.07301637200407 15.086501035435369 26.760194906512325 57.2340253964749 42.525028026432466 87.94383542477149 54.7750170006029 77.18142289813865 39.572003204880076 37.36524260609515 68.23529767973007 74.14405411742355 52.25315095700426 81.28004726193431 69.59819172642366 105.64894237857301 70.10600135027681 71.22680839907862 82.50494428020113 58.85744433761683 42.43952053237894 64.05637434437287 60.73172609147533 51.3562857353952 101.5216458485368 62.22072157609414 59.58624562036906 39.808981140807205 84.81222890192136 40.138805374814986 91.3934388533533 54.39837998119156 81.75124356644388 54.64193290906662 91.98448060233126 0.0 62.515329636085966 9.648745824517759 38.042859871860315 61.88377096303227 80.63203783563658 63.469600419157736 51.57903578494194 65.36306532542238 61.66427236386815 91.31399880700711 
36.85938600682645 48.19860639765645 59.90724339644314 74.45573414043606 13.09476522688254 72.31286380694051 38.28360315967137 27.658850697835934 24.377984986595834 65.1614021505934 58.07487620632055 82.01004603966686 33.14529551698115 50.881831796162956 18.838055453056437 69.52008268963405 11.61206067431456 37.36141357867187 80.60861157673197 46.5472968815235 11.535059196538024 9.493867919803352 64.4620536039328 79.28662598206 34.78575208271379 9.929947530759495 28.43638851057971 19.135991883218136 46.284283500235574 78.81828578134493 68.41329201043551 22.847989352655617 22.58176911396466 34.318025558472755 60.11581861660253 8.771342437351809 84.05604823524351 67.3834728898896 60.348384572496485 62.515329636085966 0.0 68.9237159871451 31.08251056123814 16.033256444119303 22.10202383512871 50.8827057561743 44.104465565771385 43.7172373801453 32.98004375938008 62.236164134095276 
46.712691401561194 71.46628395020666 88.9632892846909 22.963558943764994 65.91825587544908 5.4734977196115615 31.280682184370626 60.011956877906954 50.64491996206602 86.90173855039139 52.18040039583141 72.43711428498814 48.55772738726786 35.911668942484255 76.26906622222523 71.08584443142516 58.067473662658 83.85054241724208 64.3144953232157 110.22508826495668 75.51215875214864 77.9712369802475 81.03009283388197 52.73443862855593 44.55536451076282 69.31839315694876 69.59733019356162 59.44725291891949 105.27401774629033 56.50619352366687 55.44094195484149 46.74369965437083 90.76588744747741 42.61276930226644 91.49324775793089 61.23760115968406 77.16057455919571 50.284567079862086 92.11238993029603 9.648745824517759 68.9237159871451 0.0 46.72019238438573 66.33748915378386 85.6095124873762 62.64799238140243 51.50512445828161 65.81921717171404 63.662634529349226 91.07696943218986 
41.06447219838291 64.62474197930224 80.62309436657515 60.67498061369188 36.86830426204008 51.470743155245486 25.4625231596023 43.12887485545276 6.705605604702703 83.2803644286448 61.94514253724045 88.20835595637251 3.8174931678923483 47.009916153962074 30.80288040255472 79.16845693650671 25.90219873537642 63.12563885675706 83.64119987616257 77.62735115332558 41.848162842333444 37.54356077211132 80.2320851888641 77.5120648215734 37.1665484962326 37.37953442479889 22.931601132980887 14.334788413711578 76.77095241067228 78.8997433325619 71.1221790127892 13.46037383247278 53.05466552933167 34.79330867965063 81.82748170498763 22.413821623389794 91.65094438765666 67.93554741185119 82.24147147174062 38.042859871860315 31.08251056123814 46.72019238438573 0.0 39.23533249285614 52.88955412363703 62.02785952244713 50.6509074082285 58.5508010508755 49.55819076599657 83.08630428014033 
25.370591663817596 32.17130327318704 44.43055132929092 66.86780588824628 3.0165118931493065 68.66579613306666 35.26593027788881 12.737340275633228 33.10773117259107 49.272421873725705 44.304983114429234 66.89263902265655 42.33133625864019 40.81360168613858 34.87131048181379 53.96111518869381 13.366501691992966 23.97002458669821 66.26333147823884 43.90035306327724 11.725394130598213 22.81801030066697 48.430254546914725 66.43866869110363 24.767066637180573 6.843620218190822 43.38300145592615 31.53076986212446 39.88324426606388 65.37849009065086 54.527507445382426 26.850969930209242 27.46886185806399 25.477058023018675 44.91986003359215 19.696350764156605 68.64714531786035 54.23374698382962 45.21310016939794 61.88377096303227 16.033256444119303 66.33748915378386 39.23533249285614 0.0 19.575614175015726 35.462190948108464 30.469086534560635 27.861665402081012 17.19000004145711 46.81695498855917 
