80
0.0 67.77825797974515 67.1877196738108 25.49040692183184 32.06468528222175 39.06699049795759 50.48077982212457 45.114716512877465 33.33842459537854 42.23800021380004 70.54748395579225 38.94434625505983 1.2807895713508983 94.11284972806332 95.75653157224626 94.15561145317739 28.875023169485978 46.86190773393408 43.28880924534949 52.775743523504474 41.83040782207605 40.110581846311895 20.714751799529747 62.05374454044481 64.05368267995793 45.75503243917562 91.85734483472984 37.11535852700506 95.16144730939835 45.27688354663183 66.87551295107481 29.874253971280293 45.315005415664515 101.21131881995619 32.222105696979696 24.250642380229003 35.16294194597063 101.54295293693956 45.343114481768446 51.56365258501327 97.58480845201235 52.027777092429574 26.856123026540775 110.73833221208342 81.287698142107 50.41569875459316 71.48355239431939 75.0095319933501 62.71171336239167 21.874108347211575 64.10128157960241 36.48926639983183 74.34637580978362 62.14684452426235 34.504322613979674 94.99845255819845 90.77667769410455 61.489803943160915 45.76449077422682 20.341945671409615 11.220613877895445 60.18768928131402 74.31776372277744 77.7721667420065 88.9938166572089 14.010635363574572 7.074213229947409 87.80658694735807 83.26994073364929 17.93502079885796 85.25277968455299 90.32228547406598 55.18466371427618 83.71087609032178 49.2124098711701 52.5533465840388 44.04432780048689 15.38727653570796 96.10091221873405 67.42228643249112 
67.77825797974515 0.0 78.80011791426723 90.61962553159152 80.52826548551351 30.97042305009522 54.771633191284735 86.00182180214185 86.78521339850158 58.04873497489602 39.22466418124146 29.830369287825295 68.44528916403154 88.27678564586742 95.95502275525877 69.64934180460529 49.34094805451714 63.12892800500792 33.959536622469855 73.1559424919231 39.299354588632816 83.65877378346535 47.110024634484205 9.119699647268504 51.1825631017129 25.087772574765847 95.45686123473506 31.94089030294492 103.67468325241312 23.994499960736484 53.503906474842445 37.90402515763019 62.57868732172073 64.14163001929083 91.432042448934 85.44045558223857 89.98431181785709 48.96146455146819 33.960328101617215 23.729018581412877 56.43092466188303 86.35627264967907 41.441095310665546 60.675042981417505 44.33679500154402 23.014617798704105 71.9641598540227 59.22401550760214 80.77645795344247 58.083677232842184 57.14764378973802 60.06149374639125 33.12766570750423 89.62026600849875 33.28258373720209 38.325631298688904 32.44498571082281 91.29198049777467 22.034102844396482 52.55452193965472 69.72441923497728 17.55348066977305 8.382839364631984 95.8170819714724 85.87645108840958 68.87762232277592 60.7187002289923 76.71834791888938 96.18061051386222 56.514084974188606 26.633118314190586 104.67466126172077 23.097124478102756 92.95178325505866 85.6880461836521 49.201225453561555 25.464415666302116 55.51261261450014 73.97482437415493 18.479168726700408 
67.1877196738108 78.80011791426723 0.0 66.61869499967038 42.55738667744336 74.3508263181043 25.23924115352734 33.01255298186889 48.13666284432315 27.767722771785927 45.60391240167495 71.55436024398688 68.43933927899747 29.001951950124337 28.70422936455006 42.51980699219846 45.09241930663618 21.658167311242302 83.96101215445722 14.575539087892496 87.10874900273502 36.32661175991984 64.85463681287808 69.73465617053411 29.526018751607022 58.70444083273743 24.6713039672976 59.07506680963579 29.029394815109068 61.51994647415964 28.58828310873773 64.23133501295047 23.137873979754595 57.726629165176185 56.63062909439241 58.37791822197735 50.25341478486544 74.01610486356599 47.443745871168225 56.19875203691727 59.90644198628412 25.384862219647218 59.81370034719054 76.55303463032628 50.599261864636546 81.3490055663374 12.00713265512546 29.082769288833255 7.163007587804187 46.61339520366947 23.19725614242215 31.74991098955975 54.56562407848225 18.325152913705114 65.56107151761185 75.463678603195 75.49723616130782 21.19817364622033 67.47309284017304 75.65204114205282 57.110739504267066 61.289770974268556 86.9875229700519 17.029585103556517 23.581781442912185 53.960057467117856 64.86434421920038 27.915103482495354 18.442911831254918 51.76464591058539 73.60313973176494 26.91239377463628 86.69062047331471 17.122097475449376 27.884547113610136 29.848706833801185 74.44110223102085 55.9563724973417 41.49595024526636 92.78810016764807 
25.49040692183184 90.61962553159152 66.61869499967038 0.0 24.061868128536144 63.81167697791763 59.055965560266806 35.62492093391152 19.372795016641625 49.67631738715829 84.9847564916421 63.276329128774684 25.519619571245588 95.5697190142883 94.60845330177888 102.38016908381015 44.326976495020766 51.52193950310783 68.69965175828068 52.62219292825479 67.31616535030071 31.078685742009082 44.88663779664648 83.81343906823345 74.30961487298865 66.66538208678364 89.87959003570487 58.77773168393584 90.67935072109208 66.95477490045957 76.50845656488187 53.38391992829109 50.26181529717874 112.73942391295414 12.246724330668428 8.339411300380918 18.616105238139045 117.87720309237218 62.863966956986516 71.27158908490277 110.77191113501048 44.14202673360485 49.2569000308417 125.63549388201466 95.31071512570884 75.25195846279078 74.64435703888255 83.51337566542607 60.32046761695405 34.771931554210674 72.18199163434136 43.46034113697785 90.7106510358791 55.03792865491776 58.01141199683177 113.03924357332214 109.60187071662108 53.283181553567644 68.75872315875743 45.79464026056778 20.935915031014872 80.25565583995122 97.78492426378804 71.8349516264001 90.15847983061073 22.25726580604774 31.587879968661973 92.21335876726826 78.68108602235021 34.60011955025924 104.58339833851774 84.00010826570585 80.25556777379363 80.65319795734074 41.02721562998655 63.377938028900545 68.44308657397917 35.11063270711178 103.25206565711827 92.27316273102413 
32.06468528222175 80.52826548551351 42.55738667744336 24.061868128536144 0.0 59.912931760328576 37.94587334129556 13.350418047382393 7.169039538569164 28.91091788599401 65.9762809646113 58.29500232766192 33.02217376723671 71.51955633992375 70.63660616721127 79.5758871280378 31.200216550604953 29.064553026458903 67.48848702344966 28.68193167612355 68.03592504327712 8.266377898239165 42.34637987052533 72.37171169132203 53.16140018731085 55.440512626308134 65.98448302496112 49.56065630780627 67.29254022037449 56.7550932279065 54.9360678237929 47.95018707602454 28.05164622140441 91.1631016809482 15.114547235328283 15.864161022167702 10.369746471034565 99.24154155955182 48.21582105275248 58.09990689117023 90.13379304998688 21.237062415200043 42.77071768538896 105.79647395709881 75.60743419232949 70.72663425363581 50.891304068229935 61.18664769886276 36.30540185985713 23.22130132721503 50.04842582655814 23.47822063009144 72.95273075020907 32.07867926004034 51.883278196079196 95.9932610416027 93.42380697546051 30.792281559090917 60.465827678041464 48.9363065195143 20.941682543274055 66.80640634461606 88.54178097565931 48.71191315315605 66.1057537645592 18.66577664691784 33.778626401022315 68.50524979496295 55.22369228699307 26.75038031967819 89.1015386257646 61.148464878045345 76.3216356765469 56.87316192719626 18.162457294613034 43.25727781844502 63.139047684282644 30.0362118148447 80.09182599943702 86.8759550728765 
39.06699049795759 30.97042305009522 74.3508263181043 63.81167697791763 59.912931760328576 0.0 49.51436410966513 69.11267094435726 64.79038468381596 47.43477399472884 51.59497196460144 3.012295350230602 39.4808998822948 93.18133774555524 98.52538171982182 82.30439822720614 31.69654846194655 53.69768926379859 9.660781812246212 63.713031664558194 13.78024764705092 65.40146782356572 18.97919869064724 28.265986940477973 54.926813583484105 19.717697525489157 96.38293328304258 15.42979336157806 102.8430462828616 16.929057402054312 58.0362332673054 12.01671303835916 52.50290328046365 82.77916724541325 67.36144443871511 60.241115509364896 67.66006276001724 74.52614232538545 29.15832872442519 26.252870826840045 76.62064366970083 72.33485485401033 17.274941261719786 85.5452705423202 61.013715975934915 11.442916672663904 72.12316469390379 66.09783377957105 73.50008733460128 36.9409336901974 58.79717794608187 46.047277352335115 50.64305354043643 78.97755497411227 8.960873546912183 65.40487381261728 60.06409407912937 79.75958993757409 12.24834611073154 21.720261700636765 43.902655065461786 31.077400920740292 36.190639415584016 90.01724116635731 89.2746215090164 44.06845408568302 32.344342168121514 83.22545138382465 92.78917268356646 33.205574990567605 54.04685517750194 101.1986163699571 16.67122459514421 91.02729230673057 70.6590395448762 46.69033214493662 5.511282471441745 30.45366759356485 85.78351941353897 28.462227150687433 
50.48077982212457 54.771633191284735 25.23924115352734 59.055965560266806 37.94587334129556 49.51436410966513 0.0 36.5043540686669 45.08327792034965 9.379999481787399 28.75893687650096 46.644356902789305 51.753958680879606 45.562261022631276 49.577392414443224 44.113330158192014 23.179986141232135 10.04230352591131 59.17025329973833 18.767245756133228 62.64794204800544 36.4333632634958 42.5012288412445 45.65316566168421 15.321151786771877 33.494273003017256 47.034855533620714 34.114758878269 53.33390130886254 36.287521612932565 17.461487790788812 40.160664534162336 10.417075634117603 53.70142135205853 52.85683918779775 50.999331081860255 48.17630999204896 61.75103117337267 22.256208685184333 31.462030627040868 52.219715422213056 33.848804520288795 36.301057703451626 67.87186456675717 37.80409718102499 56.1253034035255 23.202003131937143 24.913489297614763 26.088056897903467 28.637807949186897 13.69971619613604 15.628994696838692 36.69986665403823 35.089494914386485 40.913142656139655 59.70757286653932 58.063465699526674 37.007219360663576 42.23396866737594 53.83556834796197 42.898682577554546 37.630706420662705 63.11062777960496 41.81226777937881 40.99847636084598 39.97794330944335 46.17572479021293 37.71003211323047 43.604471578254234 32.804348758732495 54.7051724087959 52.12433321630944 61.45199552650696 41.552061327915844 34.16651208539437 6.276694442619555 49.299430429894386 36.369822189647074 45.73387002545358 67.78217947273176 
45.114716512877465 86.00182180214185 33.01255298186889 35.62492093391152 13.350418047382393 69.11267094435726 36.5043540686669 0.0 16.263767399392293 29.21415431040727 65.23453132133454 67.12103335352495 46.12897552882525 61.75966497882421 59.65317051594183 73.45936687451655 38.12275490760787 26.48793611846667 77.43326245578841 21.42976473125072 78.61380941839852 5.084525422643554 52.93441871979659 77.31063401378375 50.49934471703029 61.28671872507696 54.73207573175851 56.88678324783462 55.07206416000585 63.1195342992757 51.57825372661352 57.127332483447375 26.141783695877297 86.73452192524026 24.351850187171166 28.043272738837445 17.70811102895005 97.9560697926465 52.28400468849631 62.56643929120853 86.90481542671132 8.540341607664432 51.86186101348239 103.18877806775728 73.79267969587745 79.27887706955623 43.18064438948352 56.38158844949837 26.064093699092883 32.41421289866443 46.06706545388512 25.976818415938883 73.16153202896076 19.413082256156073 60.53757371914734 96.20720014639576 94.41330990420443 17.760106580980963 67.66076165881933 60.772643600624 33.901972107494764 70.6633853188975 94.27908785021262 36.21006677157404 56.36338990567329 31.331494543416945 46.11654151438052 60.5113154240949 43.110489974140464 36.975818708913664 90.74347333924746 48.42884881252742 84.95964819859033 45.345700548125436 5.465368504419311 42.61940453960087 71.6244285821401 40.83626698300837 73.27494734283377 94.60298000235726 
33.33842459537854 86.78521339850158 48.13666284432315 19.372795016641625 7.169039538569164 64.79038468381596 45.08327792034965 16.263767399392293 0.0 36.07796492523082 73.14310459327308 63.39054843036496 34.09347934711147 77.1295889696501 75.61573504410536 86.30160016041498 37.48789201522392 36.06324604325493 71.84120861244239 34.82682535843961 71.93045247441351 11.920776861604606 46.56605209993702 78.80678655206181 60.266419878055295 61.729904915599576 70.78717694521032 55.417592141170225 71.33485363384 62.876849890143795 61.98998669673948 52.98378736324341 35.10395294929946 98.164662346307 8.520433319327692 12.14121995559916 3.278999561149821 106.4092977404756 54.975868351901845 64.71736800255223 97.24362131374116 24.79587014831092 47.93332726479241 112.94630975070316 82.7709112581251 75.85698464733105 57.14535768519955 68.08906022505438 41.53214601862038 28.880720908993762 57.02233959919374 30.621995245430806 80.08419422800215 35.67250296802553 57.13703112215665 103.10623147088288 100.47756042127881 33.91658150626776 66.26753479816081 51.88050065889592 22.974356499419667 73.50760481038682 94.69093933934816 52.468816647807685 71.70975451330622 21.509368546303797 36.40725772050844 74.74756645076991 59.36135981770292 31.671022231044148 96.0919247216779 64.63150484663997 81.37175491451306 61.47392452858079 21.69167205323984 50.42510131626204 68.36122789919217 34.417048216375775 86.67086840155073 92.30071700273025 
42.23800021380004 58.04873497489602 27.767722771785927 49.67631738715829 28.91091788599401 47.43477399472884 9.379999481787399 29.21415431040727 36.07796492523082 0.0 37.13624928835628 44.79669780656289 43.518677269018674 52.209654332505224 54.92612767585726 53.23646677672886 17.331453999031236 6.290820675105758 56.89503011019035 16.361143871814537 59.69736403892567 28.312614728359126 37.12562285498301 49.08664748860511 24.673541925683384 34.47601691507567 51.688454092517084 32.65882587139115 56.79082419832124 36.866001604522104 26.835451582060635 36.72416087562523 5.080230746502939 63.07833476015935 43.663522810229814 41.62496106200433 39.235368488831995 70.37363688178259 24.11851614259224 34.3235846415509 61.467078253961716 28.347251209315168 32.13062478483052 76.9338954785406 46.701699499913076 55.601044041636946 29.478571157238164 34.10361763842032 26.08876324222884 20.436949706169955 22.777472230201024 6.296831164369435 44.46699855653592 32.34368872429968 38.49993344068862 67.5832779400183 65.44911955746961 33.646838422517206 42.32745055404315 48.07290726918479 33.96108460478587 41.874532793646885 66.42376930771636 42.63818913007984 47.266984110966796 30.960051779120736 38.59702476840676 45.579418736142955 45.93757846787627 25.136135030717206 61.59950227587793 54.15236941780975 61.177686658912215 44.873110502233175 27.92671656751633 14.348174175380295 48.26661198476606 29.077879200334195 54.62957541349864 69.00108015100359 
70.54748395579225 39.22466418124146 45.60391240167495 84.9847564916421 65.9762809646113 51.59497196460144 28.75893687650096 65.23453132133454 73.14310459327308 37.13624928835628 0.0 48.703769374110976 71.69884892641358 49.2792359508496 57.42262971452673 31.51834950438988 42.06170827447286 38.746820218521954 60.08415232709033 45.9806587912062 65.09273008005687 65.14123431879219 55.168691008356035 31.598016093535435 16.23952011881273 31.98117594774712 57.547261714873294 39.00184889999485 66.30314587708385 34.669397118939706 17.081382214457797 48.23946937132552 39.17327658111627 31.80359253289273 80.45300188443494 77.43772624902468 76.33175097154526 33.26952982522015 25.955167162877085 25.353836473698976 27.112954530322448 61.94955629890568 47.31484251476879 40.7180749064668 10.742973307139925 52.2767518650408 35.92538329139096 20.50913902328762 49.92573387785769 50.96563001615936 22.445190636684163 42.586611673664834 8.964130067129123 60.95403770693384 46.04791943616364 31.126587191345088 30.184004014566916 63.355375366171046 39.86366231810512 65.81322755187269 66.1154527790966 23.505071497203282 46.22906853017119 62.04769912616315 47.31530419728845 63.72153758193571 64.47643854913883 37.595873639350664 60.620816374240015 53.13927534124744 28.001140767968074 68.73129155530334 55.956600984283895 56.63521623749463 62.61404413565753 22.851881966016947 48.36533137667521 55.16027288965532 35.514180716851016 56.823113322283774 
38.94434625505983 29.830369287825295 71.55436024398688 63.276329128774684 58.29500232766192 3.012295350230602 46.644356902789305 67.12103335352495 63.39054843036496 44.79669780656289 48.703769374110976 0.0 39.44999522919884 90.18699770638833 95.57026931627544 79.33572789695326 29.406547621693637 51.039641736598156 12.593017579927112 61.114339348202485 16.789693096091536 63.533360267072226 18.420193107894125 26.355287739923348 51.91539755791863 16.77293518941444 93.46120222254847 12.530847657831147 99.97824244887455 14.038975368952652 55.02424628368629 10.40866452959134 49.87307699907301 79.98018142670487 66.30042592375146 59.352081598792644 66.32277853511489 72.18427732180713 26.152452389961756 23.38922714697369 73.90947327222128 70.09840322936597 15.524332652190566 83.10522732681018 58.21354848000372 12.466438333530531 69.18117760330507 63.086708453890694 70.82684076113759 35.17336803052235 55.80484486133357 43.63026888598958 47.94963980251203 76.51939426354168 6.598697687076646 63.2579362556058 58.01167704321649 77.36472533463989 9.771525365788866 22.75849701334876 43.0373762055088 28.57630387498875 35.60292456479159 87.32127317375718 86.29670430717914 42.996350495680794 32.0592734089891 80.21508964775785 89.99660944053474 31.723475497300477 52.01737495205427 98.42478111742163 18.026675559297097 88.17899357233851 68.50047452653544 43.73151387100662 5.167635579112817 29.26630279127595 82.79820614756346 29.19086838086226 
1.2807895713508983 68.44528916403154 68.43933927899747 25.519619571245588 33.02217376723671 39.4808998822948 51.753958680879606 46.12897552882525 34.09347934711147 43.518677269018674 71.69884892641358 39.44999522919884 0.0 95.38957673145438 97.0166443889067 95.41109243821288 30.089241691378415 48.13846129716381 43.437795267728134 54.01689510687227 41.821931322876054 41.109114207208044 21.3407252847889 62.836387605222576 65.29979989971098 46.64291494555896 93.10781905818182 37.97051268833949 96.38085530732324 46.103017065115694 68.12765106063537 30.553184111618673 46.59191231299467 102.41211369745112 32.69125279724737 24.696520892807918 35.833363649882145 102.60233644211738 46.42856044342154 52.51916633369521 98.74885730652542 53.11599002009599 27.692010051293792 111.84444509164473 82.44055962392919 50.78528417510165 72.76251608663455 76.26967135529577 63.935664494993055 23.151912302248537 65.37042349945136 37.76838296644863 75.42813865751866 63.28018426292756 35.16270687451105 95.98711237648658 91.7280595870062 62.59512329993007 46.454006217229356 20.280644484411788 12.276637863530574 61.10253697748569 74.90178353634701 78.9531019721324 90.26833836681604 15.138165177083648 7.869363380733071 89.08681713526033 84.47990888823855 19.17944594758319 86.18051458607165 91.50694904977632 55.48050841243573 84.94400818069957 50.28260559103083 53.80246282209172 44.524276656028654 16.54743384917787 97.36620921488813 67.76971222972217 
94.11284972806332 88.27678564586742 29.001951950124337 95.5697190142883 71.51955633992375 93.18133774555524 45.562261022631276 61.75966497882421 77.1295889696501 52.209654332505224 49.2792359508496 90.18699770638833 95.38957673145438 0.0 9.715836303107912 26.334607268165396 68.61957335699817 47.25117764899593 102.73446967663256 43.07763247622792 106.816668630147 65.28866205369091 88.06148342609146 80.0891916174425 38.72307561422489 74.59334155696669 13.13642156157856 77.93181836716423 21.99600380031359 77.61789669857863 35.81133216479058 85.15412312879067 48.79791070202518 42.968871200014306 85.61364687465111 87.29875759526722 79.19279030171097 65.6742697863256 64.06716620279876 69.81742593807903 48.768261031274115 53.71854496414694 81.67345121176668 63.66859425955113 47.93375190330757 97.52032576176451 22.73211151495937 29.070370518841614 35.710412053609744 72.56003693973292 34.385952627969125 57.647277091015006 56.94171060324971 44.579164605844966 85.19932927757831 71.32792793403218 73.63174683599634 47.32873177967452 83.6685190056625 99.39508992369599 84.76861355408845 71.50296722733268 95.49281301758754 31.815616951602845 5.42032296584933 81.62270983416123 90.80265668070722 11.816208864979602 25.09931464205129 77.3456916329337 74.07801644758902 28.93280543127449 102.15967232460851 20.20789966101178 56.46357473121307 46.75401347263257 91.776499282235 81.255451382095 22.5679607678667 105.18599234058524 
95.75653157224626 95.95502275525877 28.70422936455006 94.60845330177888 70.63660616721127 98.52538171982182 49.577392414443224 59.65317051594183 75.61573504410536 54.92612767585726 57.42262971452673 95.57026931627544 97.0166443889067 9.715836303107912 0.0 36.049106302803544 71.9867553238039 49.33896506472754 108.16321204917048 43.278420308059935 111.9580295828386 63.697578409392705 91.73673532609918 87.50765486743522 45.326045822551386 80.61545953906935 5.306832492343513 83.123368066055 12.584004945100721 83.62167765714727 42.6678936595013 89.71602737445184 50.8879451003096 52.66926631930709 83.94608009676881 86.49768816952776 77.34827736611756 75.33504529262665 69.71745680821262 76.35692923100473 58.46516562029252 51.24490236528729 85.85298448592182 73.36650415530218 56.97971992484749 103.69340853889554 26.45479061461633 36.929337345063274 34.34575729935214 74.76819971090099 40.191465405042415 59.75598343066067 65.46250394291921 41.11575641282941 90.21057501799794 80.76482767702605 82.87897481864263 43.6271446753807 89.7136736539617 102.89036254239342 85.80233069828037 78.8441089021717 103.41598057099783 26.094707164488735 10.11069988996083 82.64977923769524 93.09932738746525 20.87523220554538 18.663166951350263 79.78990719099406 83.06852381018808 20.367552994702997 108.55743928151897 14.722839740458907 54.20798595965326 51.839149624249714 97.57054842921816 83.87657395194704 32.257243498905005 112.36532130972185 
94.15561145317739 69.64934180460529 42.51980699219846 102.38016908381015 79.5758871280378 82.30439822720614 44.113330158192014 73.45936687451655 86.30160016041498 53.23646677672886 31.51834950438988 79.33572789695326 95.41109243821288 26.334607268165396 36.049106302803544 0.0 65.63294305959349 50.8677725018615 91.16858845259684 52.09765169486427 96.00078922042955 75.51977479357062 82.63434404423418 62.76173613597092 30.22470014359187 62.59697206435107 38.83909191605403 68.46424362173705 48.072313742461226 65.46600378607712 27.300978033596788 77.2003393886541 52.11928561854758 16.860445999393136 94.65739872654432 94.12379286865773 89.02186347641145 39.53613590025065 54.31309672107218 56.37531015009926 22.502145247147784 66.98481906542219 75.13471832412799 37.494402611801746 25.60475572812043 83.7503660526686 30.774872703856953 19.213471761049835 49.48257893986166 72.52229007628311 30.464761692288807 59.525172999546406 36.541278534668066 60.82987647816906 75.8249609309958 46.140669902514475 49.23762737009214 63.71019204804585 70.99358388075233 93.89500939322816 87.00952941076869 54.96101662317251 75.75316430863907 53.25208775293541 27.85444398834401 84.08930586856273 89.21122265047859 16.751615349228164 48.23128874913745 76.24474329042698 50.77163855437287 54.02879191696717 87.4733125499869 43.159605214124774 68.98648308633918 41.6396096114464 79.50839393041949 79.35786862028735 4.592793850840261 87.78344048457956 
28.875023169485978 49.34094805451714 45.09241930663618 44.326976495020766 31.200216550604953 31.69654846194655 23.179986141232135 38.12275490760787 37.48789201522392 17.331453999031236 42.06170827447286 29.406547621693637 30.089241691378415 68.61957335699817 71.9867553238039 65.63294305959349 0.0 23.48114919015853 40.7352298999034 32.78841441428942 43.00208321303554 35.004983173654864 19.81319558319895 41.32928627661252 35.4164402013202 24.259126521978054 68.9201953190705 18.788324364993702 74.11952398144759 25.57755903242248 38.34571295956437 20.149034898899664 22.06685151265916 72.35067038236016 42.70902478199588 37.70547154797967 40.71319198263138 74.11034614778085 18.54483606261833 27.513518533050252 68.92337564543209 40.69371420370952 15.174278199274593 82.64198465674832 52.75189735190439 41.28275058523906 46.0130608598658 46.655104590495284 42.96791630482207 9.57338259713297 36.20356265040207 14.509038362119234 46.79133302261936 47.41248402640128 22.823554485054274 68.76524081479235 65.27598707137881 48.09616220464612 29.639813519789442 30.907315852384503 24.291550286519612 36.458713374747134 57.34262524544403 59.49679644770109 63.899871240716486 22.221959672007262 23.578778683760046 60.835665692860786 63.17210894053136 11.104277446768776 60.30827932964714 71.28878222503884 46.9703335055952 62.2033104366735 39.15155239480987 24.03056355792503 33.64808645401407 13.7383365183744 67.84694427080389 56.50350761912795 
46.86190773393408 63.12892800500792 21.658167311242302 51.52193950310783 29.064553026458903 53.69768926379859 10.04230352591131 26.48793611846667 36.06324604325493 6.290820675105758 38.746820218521954 51.039641736598156 48.13846129716381 47.25117764899593 49.33896506472754 50.8677725018615 23.48114919015853 0.0 63.174763107912604 10.307303967758505 65.9872688593317 26.667824643130242 43.20377787720741 54.0733061291476 24.42314715028138 40.18616504822278 45.88374122513338 38.82998996795659 50.68146127077861 42.691973023019685 25.957945413033283 43.01250634659989 1.5551911195424735 62.106126908953996 44.16516456851778 43.256196141764256 39.028811895268234 71.5796267583698 29.454427103037425 39.44261805374281 61.328435471533 24.012103420257322 38.392272546648925 77.29452165593912 47.49781089028573 61.70667798278486 24.677133328255334 32.17876877528484 19.80728338755 25.460779056178456 20.985198140957415 10.448778779656132 46.74196867240802 26.630407618144538 44.77154871316465 69.74274720380232 68.09221091599446 28.173464960215114 48.28628264499451 54.00912028455597 37.75858224300641 46.47478861459727 71.51091990591537 36.3506485823298 42.14658957404608 34.646899740448355 43.791205039904334 41.57207810677405 39.70215046561275 30.450944918180017 64.65803294631088 47.88160099148782 67.25276806960609 38.780146676770514 24.1683485840919 16.253012827830954 54.43010311662828 34.55195453773608 51.777293419320586 74.77396943201867 
43.28880924534949 33.959536622469855 83.96101215445722 68.69965175828068 67.48848702344966 9.660781812246212 59.17025329973833 77.43326245578841 71.84120861244239 56.89503011019035 60.08415232709033 12.593017579927112 43.437795267728134 102.73446967663256 108.16321204917048 91.16858845259684 40.7352298999034 63.174763107912604 0.0 73.1047428344537 5.464443169062911 73.48270719742335 25.275163386954194 33.719602015854534 64.34986940341537 28.697080339631555 106.04150924497723 25.089704150479378 112.49478840786294 25.751393317166325 67.43805818313598 20.61304673995576 61.94689691278081 90.73153484903486 73.5782920140682 66.09051953636538 74.54531017760375 80.66121355832801 38.67043112210648 34.81218628850074 84.20164292194632 81.12159754862505 25.781759198754642 91.99820655205993 69.04106638499059 10.967331764365753 81.7722217616525 75.40184297661916 82.98175585976527 45.03277329679679 68.3619620213931 55.20699354937993 58.2818928319731 88.14206052257444 18.42316899812378 70.89805332048805 65.27771238613123 88.81704498059027 20.22208227206238 23.567167108484398 49.91863717483722 38.278751482838395 37.20453150683326 99.52014220158203 98.87704861149203 50.573801546406536 37.23050604455163 92.65951535275373 102.39337416178115 40.798202568682775 59.25392775636603 110.78459923405498 13.259629497531357 100.67148080932698 79.30332234157932 56.32430573419794 11.724193146528112 37.50671853735648 94.76997356110924 25.69880210749312 
52.775743523504474 73.1559424919231 14.575539087892496 52.62219292825479 28.68193167612355 63.713031664558194 18.767245756133228 21.42976473125072 34.82682535843961 16.361143871814537 45.9806587912062 61.114339348202485 54.01689510687227 43.07763247622792 43.278420308059935 52.09765169486427 32.78841441428942 10.307303967758505 73.1047428344537 0.0 75.704803654615 23.523803708009396 52.08463869578054 64.06521546144494 30.267934727845283 50.48317899247044 39.14869210094788 49.019891372621004 42.60182075840517 52.99892705694767 30.862990970407193 52.739573697026145 11.288082773082104 65.36157402889724 43.335062635965905 44.31087526832407 37.293977921107455 77.74817198378481 39.675963479200135 49.54637123579794 65.83377924108873 16.17233383067536 47.930058303376654 82.27561608823808 53.54589392534416 71.95233711220052 22.320287024325076 35.03590138200596 10.337690860506882 32.77300973615847 25.16024669428253 18.502281425649244 54.50106546667376 16.464524876523008 54.75998698886563 77.08300249671944 75.98470144150575 18.251140335341542 58.58533410575867 62.437365944914035 42.56275117466333 56.255378600430824 81.5292817302845 26.736917203319123 37.69745183939946 39.41586992735682 50.79870713650657 39.921408469529446 31.000573939651005 38.01633183290825 73.01141595502666 38.77172969905196 77.51663220517817 30.973864233936684 17.427116154049802 24.932842324911356 64.62770660313332 42.277909231815364 52.098811419667435 85.07300267466128 
41.83040782207605 39.299354588632816 87.10874900273502 67.31616535030071 68.03592504327712 13.78024764705092 62.64794204800544 78.61380941839852 71.93045247441351 59.69736403892567 65.09273008005687 16.789693096091536 41.821931322876054 106.816668630147 111.9580295828386 96.00078922042955 43.00208321303554 65.9872688593317 5.464443169062911 75.704803654615 0.0 74.44745399515011 25.746198312357308 39.18032379306275 68.67889828875023 33.40988120886286 109.65851940576782 28.893213447282427 115.85163737686945 30.539488393108744 71.79511287752521 22.980562437792745 64.69253501237698 95.94359132750915 73.03570190259924 65.34995360154001 74.48864456586735 86.11889321187253 42.88213177915527 39.75314793254372 89.50025723255968 82.80182774712993 27.831060363857095 97.44295923553636 74.22004423501804 16.285982083776528 85.51376338831184 79.87561689297259 85.74728010289296 46.258430548548624 72.43428699828628 57.50433144070431 63.55055645259762 90.31035097375167 21.7562464231201 76.36128766780847 70.73581138319685 90.82587853493331 25.274554905044095 21.553638512439047 49.47212143920296 43.59906682703963 42.195482084642485 102.3071893109829 102.82445833854867 50.45904733581782 36.31860096162074 96.9647949765178 105.49059918183055 41.669353872845974 64.71346111900654 113.8033687820234 17.742683281765878 103.97653407501701 80.82352461367586 60.18832216458704 16.888852645478345 38.03336265702417 99.5223335118763 29.773425909343256 
40.110581846311895 83.65877378346535 36.32661175991984 31.078685742009082 8.266377898239165 65.40146782356572 36.4333632634958 5.084525422643554 11.920776861604606 28.312614728359126 65.14123431879219 63.533360267072226 41.109114207208044 65.28866205369091 63.697578409392705 75.51977479357062 35.004983173654864 26.667824643130242 73.48270719742335 23.523803708009396 74.44745399515011 0.0 48.70993761735553 75.13799782709293 51.06546404860406 58.723021237340404 58.88384152969027 53.77930389159872 59.64624882636465 60.37975918386141 52.429421040722104 53.386197509568404 26.036741356850666 88.15686384568804 20.338006121454534 23.274416211937076 13.936482652318558 98.1788160952356 50.30553042590608 60.50650114117914 87.85588643755626 13.207596199535656 48.1269372579799 103.93331533317252 74.15145818775798 75.81698643945195 45.766568726459234 57.844396882215165 29.63790058783409 28.490636033382398 47.126005907586325 24.148021897611894 72.73874655793334 24.13174661824293 56.98735176588981 95.85168199216014 93.7589358206208 22.66724783739737 64.64479457952015 56.16030378674409 28.91236296287288 68.86310514070173 91.8584274763387 40.88810903743801 59.871433065894514 26.412800972179983 41.323719126215344 63.2983571925883 47.62192154802755 32.78435140086805 89.83350784304437 53.219313925356225 81.47878256528712 49.59962250545756 10.08779351894202 42.315091120277415 68.1676373956877 36.49408566733378 75.61800384131797 91.46315174403826 
20.714751799529747 47.110024634484205 64.85463681287808 44.88663779664648 42.34637987052533 18.97919869064724 42.5012288412445 52.93441871979659 46.56605209993702 37.12562285498301 55.168691008356035 18.420193107894125 21.3407252847889 88.06148342609146 91.73673532609918 82.63434404423418 19.81319558319895 43.20377787720741 25.275163386954194 52.08463869578054 25.746198312357308 48.70993761735553 0.0 41.76113648649993 52.75781790547285 26.39569672645743 88.7270426975302 17.636432156321373 93.88299632449467 25.359780461338826 55.8680290138524 9.267651739839305 41.74936056652037 86.87131822439551 48.55847608137626 41.308927116951686 49.283007995190566 83.7941533896837 29.23643627702501 32.88096781143066 82.11602586750503 57.481391496968584 7.873210682519316 93.77837042042187 65.7347085411525 30.41639138552129 65.60825877614506 64.32300184553426 62.38590079184415 20.753571922595654 54.723392692264134 33.58286619327962 57.266555053445785 65.6157704601782 13.831336769839396 76.28347727336768 71.65874075727108 65.87815716604148 25.149944342428398 11.415508094481506 24.981723450839045 40.89843321207765 53.60768910786245 78.8023669536925 83.46909462157663 25.372110472906055 13.713534854161598 79.69731315123529 82.80585234670924 15.95869548159392 65.92134445637303 90.8079905888031 35.58412456844452 81.97494964144163 55.356635204520714 42.10378294737289 23.578598972521537 12.310830476130215 85.35160830955265 47.41188946607257 
62.05374454044481 9.119699647268504 69.73465617053411 83.81343906823345 72.37171169132203 28.265986940477973 45.65316566168421 77.31063401378375 78.80678655206181 49.08664748860511 31.598016093535435 26.355287739923348 62.836387605222576 80.0891916174425 87.50765486743522 62.76173613597092 41.32928627661252 54.0733061291476 33.719602015854534 64.06521546144494 39.18032379306275 75.13799782709293 41.76113648649993 0.0 42.45495793697206 17.260367756955386 86.8252174319245 25.15752265394329 94.91227730067392 16.917212588062892 44.89890909024646 32.517295384226465 53.553012611906404 58.983276732497075 83.84425714868752 78.19690597312095 82.0393777038242 46.9455303137303 25.08345650302693 14.790725143296731 51.760930764356814 77.42414156647052 35.24314114542041 58.33890329434788 38.10277534354164 23.5770859475422 63.127947133106346 51.02729436019821 71.65812375428125 50.39902453990735 48.30489093287759 51.33593522903328 26.772733587555166 80.52804609581874 28.15127485351364 37.30027413490643 31.83885940649324 82.22252504236563 17.018679738866336 48.794177347463815 62.88064844325649 8.686082994836998 17.468497526854616 86.74289291823347 77.46974369412023 61.76603562036469 54.98895462311982 68.67782352343914 87.21204185272913 49.33256303488849 25.809340764272722 95.72370974412767 25.756255878969874 84.06521732713148 76.83134009352257 40.090805512884536 23.132396913474153 48.805794093688334 66.93789738070453 25.243402198498696 
64.05368267995793 51.1825631017129 29.526018751607022 74.30961487298865 53.16140018731085 54.926813583484105 15.321151786771877 50.49934471703029 60.266419878055295 24.673541925683384 16.23952011881273 51.91539755791863 65.29979989971098 38.72307561422489 45.326045822551386 30.22470014359187 35.4164402013202 24.42314715028138 64.34986940341537 30.267934727845283 68.67889828875023 51.06546404860406 52.75781790547285 42.45495793697206 0.0 35.93567737685436 44.38889448109251 40.02857225748335 52.49218564653659 38.95940801891554 3.1559064428929093 48.107572440156126 25.216171247210855 38.43218139966301 68.13614244840505 66.29472339783253 63.31189337290655 47.55638912649802 25.81412300986536 31.13169855167646 36.977448520733596 46.41102856758922 45.486056006578345 52.87286749327999 23.344765793730968 58.799367253724505 20.880482820822703 11.58144333840318 33.68670018951042 42.62968896312521 6.35459198425907 30.84939749297688 25.14800980034459 44.77955811206219 47.43013229472795 47.013666905153286 46.400843907224655 47.230432662908186 44.98197264678452 64.12005649548722 57.44805140579894 33.76982385608832 59.01617588765054 46.230389979514364 35.44712067337052 54.654422108363555 58.99487070579105 28.309667057974455 45.47586612233133 46.12035410389598 44.156124908471085 53.836631343125084 63.45584026123098 41.922576660039766 47.363238147299306 11.51490359075468 53.180389692633035 49.14905781460694 32.63763224287618 67.0782917401464 
45.75503243917562 25.087772574765847 58.70444083273743 66.66538208678364 55.440512626308134 19.717697525489157 33.494273003017256 61.28671872507696 61.729904915599576 34.47601691507567 31.98117594774712 16.77293518941444 46.64291494555896 74.59334155696669 80.61545953906935 62.59697206435107 24.259126521978054 40.18616504822278 28.697080339631555 50.48317899247044 33.40988120886286 58.723021237340404 26.39569672645743 17.260367756955386 35.93567737685436 0.0 78.96462258287433 8.777579687906188 86.11751202803302 3.024874464469542 38.965097937742904 17.75706211457253 39.361972865828655 63.46182199215567 66.60538334274963 60.94378284851746 64.94183159898783 57.66541049706296 11.267777289439916 6.9326676862246694 57.702403433577686 62.31101625764543 19.026635549938888 68.02605676257404 41.72815265846103 23.090950455540973 54.580910182652254 46.77493737058881 59.24524143440864 33.16692846770739 40.448141654736794 35.551014308731695 31.95540445251876 66.76536090203233 14.528619944874379 49.8914783865731 45.29151922126166 68.12280073038275 9.099894762602949 35.47264422264623 45.75543985168206 14.531593571366006 33.16622881270116 75.27624506333296 71.02474017799591 44.54783618283447 38.7813375074687 64.18804790266098 76.9745193049166 32.11544007695742 39.61609440542308 85.52274222577753 28.14709658882047 74.58007477064143 61.367238727088456 29.28290331221538 17.273197274159006 31.819712347295543 66.1179447365921 34.59015462833963 
91.85734483472984 95.45686123473506 24.6713039672976 89.87959003570487 65.98448302496112 96.38293328304258 47.034855533620714 54.73207573175851 70.78717694521032 51.688454092517084 57.547261714873294 93.46120222254847 93.10781905818182 13.13642156157856 5.306832492343513 38.83909191605403 68.9201953190705 45.88374122513338 106.04150924497723 39.14869210094788 109.65851940576782 58.88384152969027 88.7270426975302 86.8252174319245 44.38889448109251 78.96462258287433 0.0 80.95339711676408 9.332690787330167 81.9442723154136 41.95432688705689 87.16630386305901 47.4158265058356 55.65812694958172 79.06466584301201 81.82623121765306 72.43965911339698 77.58829229834754 67.89790998239552 75.07401808582152 60.95763026626603 46.27485053474168 83.11824891157079 76.33037016554444 58.08890789341596 102.04991753823082 24.388809097210313 37.09695853811779 29.810551161995757 71.17015791740015 38.83328649521033 56.20894393443684 65.89882235202674 35.99808058230931 87.90649979924677 82.39356110872035 84.1605148501499 38.46101673820637 88.03608454351452 99.75920756247933 81.7070225753196 78.13944329905043 103.11060636251541 20.78922695338321 11.199903691608375 78.56226437480551 89.46706083446615 22.69407385125729 13.361226370728808 76.26822503062154 83.97485562018788 15.819853699919618 107.05013519297799 9.52090796425853 49.27346256556399 49.85227954596996 95.70406766590956 80.41383032519126 35.396311661962045 111.41450951261919 
