100
0.0 35.5617169017418 35.678024658996705 47.23246569784274 31.11875034588922 76.81499568765766 18.174012471756892 59.095189804097274 39.17523934304936 62.817064974214816 87.40186734851231 24.61240253103644 48.069209634164686 33.97551951235551 79.72198231830822 5.314088259243235 80.81114345397648 87.72966988564905 55.79259305995125 33.49782090354173 62.78609549061557 88.32338249464804 80.82847112392123 64.17517524877384 41.49867463938973 48.804873488436634 80.32124997519729 37.90538609590895 61.388644475991455 74.64397413020426 26.31417686105095 64.56756534659247 91.2044913435002 30.184289487756224 97.0824680834975 97.56534565354802 49.38522811210061 32.98343762911897 25.685189641453768 72.52839643348898 2.048276100230764 85.27762988680155 96.99590999210295 30.499725360419742 59.65098552087001 39.27800346532332 66.51820106106489 78.69459718710094 36.601151804142205 73.3366323095251 54.470560635055016 78.81364824429556 57.329002767710996 54.41015705807524 58.9904132234681 42.87437646668109 80.06496399539381 21.189370441252137 41.26762739843985 87.27034750418015 45.704307257471896 15.980374583974235 76.26616983923769 46.249867958138466 92.8851579685805 59.49315427320522 97.07358026733782 20.598741826169036 34.70711187269114 73.53740488459947 62.52403383085795 63.83981786413417 50.99144419593056 34.0533677286157 52.44770353026612 38.6183015813939 83.16093824353605 69.06627525071697 87.7377998900984 7.860839083699343 97.0430961532456 62.10522076350311 86.67013007451096 52.97492167446391 58.12731543430418 30.77182989402411 86.79519139488974 52.10195162077651 33.57000062577649 71.05380530463381 58.04547757011873 31.345356241364897 36.40314413660745 22.10753952735113 100.04795864117548 74.5082922741006 98.82355625861946 20.044514784536727 94.59213028018988 69.9606746720823 
35.5617169017418 0.0 25.6410888482372 24.212819354720462 41.890683109062174 41.29821759064698 35.604624340478146 23.607047570626744 3.6845444160497656 28.501542608513162 52.210430258542324 37.53534123195394 20.2423198944874 12.437086440337799 44.259576670472185 30.571630241687757 45.39724700839265 54.71057417168688 48.52361527588104 17.85617480828145 33.699625861550665 57.22220001920901 45.77524043216951 46.72295236736922 23.061339884339905 36.436550487893804 46.128067442479484 54.90940023696907 27.127633617444843 48.51560463593837 43.190395510166496 29.313053816038337 60.26074781744469 37.57471449035585 68.43624185247728 65.11154382888806 43.14998751292988 7.452226583758519 22.624689104696635 37.269684767584714 34.18287664815247 49.935536936122396 65.25637713941062 18.60326652075463 45.99288085115295 22.67298914603673 31.71935147097475 48.296955133915404 6.987329629163927 38.31077546555498 31.081795380388684 56.01437004774267 26.77822430898186 50.02204597943499 29.438733148643855 46.55633809755547 49.343026833245396 15.573239705701948 24.25997968296205 55.01252293885814 16.7908958736488 32.535906056361135 41.187041167833975 15.377391939850074 62.51131979114437 33.74493226166734 66.66606524075394 32.49707830946855 40.77945776809966 38.01788913256442 27.478120965101848 37.619916150009516 29.76680966658067 4.29614296245142 18.766952879333548 30.48851654643613 50.24479558329557 41.30089479618785 52.70255035905093 38.16486084383434 69.4416601099408 36.70441802351337 55.07285939856519 32.935570604061624 51.69564689708368 30.32768144429504 51.50717772387665 34.740133879385546 38.76396234667915 37.277817161700476 22.56472630568372 47.3993404245139 22.596310446180247 24.20850334086173 67.21617992318077 47.02055752628994 63.37964509677583 32.34563481544723 59.401035953634896 34.39996981324343 
35.678024658996705 25.6410888482372 0.0 14.474590739497891 57.8094395401524 54.584788887071184 22.74612813093093 39.095327301457694 27.804388714952154 49.78326526778455 69.1770404760603 19.94664197656232 18.982227540921222 13.246992276467463 56.63677794585029 30.882104835729006 61.686739807513284 57.498214055785745 24.12069340245726 7.786722258576096 58.52662250297924 80.05576755483504 55.468103790532965 72.15040927573322 8.135176865832076 13.809832170501487 52.64564481881106 68.89884196502798 36.423464494501424 39.9494734294651 56.185086948657876 48.111147512467646 58.55474716488039 54.47991353701743 92.35033632138455 86.50186462558324 66.01657208842258 18.23100580898293 10.104270072282805 48.90101109402312 35.68843197890045 60.87779667611659 64.82479749432702 8.019238358963682 70.84777012951089 6.008908713978764 42.00428706558649 46.26270020276463 19.458171886849925 56.94619621325486 20.2004189857695 43.219303960318115 51.42198058650153 24.85718336479989 54.30860279393082 21.452968549278303 72.72993740867443 29.13591596576864 7.019210718323996 56.10487592638398 19.017811248337797 43.41866779674634 59.38974149329554 21.426446141505718 85.65721227779459 25.754030905630206 89.67164293983906 18.343709695087863 17.496833408737483 51.68999753526637 47.26202448798543 29.879000263853257 16.275108724221216 28.854179699541085 28.74459927897235 4.939136746609036 71.76760280517207 66.25273591838514 61.76752209434496 42.40061430447608 93.76447427013512 62.211495571867225 77.61426162537849 58.37424220042163 27.164782282249146 8.318331648135443 61.98336890922099 16.430569280334172 56.85251363755977 43.5251196268204 41.14659338685901 61.29655729461358 45.73956526848902 13.570629024927326 68.96095253385697 40.4294368593442 74.27687961723306 18.67527403555649 75.95564203962272 49.86477247806306 
47.23246569784274 24.212819354720462 14.474590739497891 0.0 63.90883417538522 41.44697407689957 36.801679749444276 27.914679545151277 24.433362825790034 40.48481891583909 56.77075461682947 34.416125213621065 6.539679106590061 14.842586759388531 43.1870220773166 42.0366851683855 49.255756434919945 43.050294760470194 27.38284621525182 13.735509625057285 52.04762813265723 70.61675660714573 41.4892279312344 69.49749289516592 6.414040825462989 15.172206069562193 38.30287049574516 76.2011710127651 23.313991667025658 27.52392230999846 63.71252767922178 37.51498080591461 44.609044636714835 59.96435125553493 83.72281729559265 75.86339048890518 67.36271252331885 18.981706073924975 22.284086557092614 35.55394435658074 46.7951280732938 47.010470397987945 50.74247982698901 16.763836496320245 69.59832705979363 8.741231959477336 28.691826834720562 32.16696013377908 17.36613444037483 45.70217491117385 7.581958723455138 33.09002039897294 45.03947261031995 30.14082143816329 48.102995495612966 32.64674689743961 63.98152605777803 34.71453577376893 7.474698810160145 41.75607837474421 8.951955956998033 51.43261396259486 47.82930050912046 11.701741949908213 76.37241115888857 12.260708118173337 80.18589544805769 32.40042628722805 30.96320548576123 38.79025293655902 37.26603738690134 16.60828811455063 5.558772406242884 28.440824198677344 17.33440166073768 16.09676853870177 61.56567316580089 59.69357317601263 47.58690728348001 52.94774374293608 85.61473277081713 57.184621272101595 67.99395509726715 55.92926301405472 30.482921455710258 22.77518844100102 48.011980586260144 11.123447076876884 61.7004214388235 29.325730129588983 31.159823823475975 68.50838024868662 46.78715293475438 26.0265950769794 54.645382288402615 27.27816062508308 60.21222355872767 32.66291766593641 63.246066364967284 37.67658969018366 
31.11875034588922 41.890683109062174 57.8094395401524 63.90883417538522 0.0 77.51589180305942 48.01266441234396 61.74547522960559 43.93728802185757 58.414200274693904 82.75917783913567 54.12594140241868 61.514103198959155 49.1496824401224 80.76604844456834 32.12155641916062 77.97175143740148 95.35597763982594 81.33566461575924 52.06212418342126 50.723504636670036 74.80075397781513 83.93799073087881 41.24358642747572 60.21898950440474 71.54530936661537 85.885539873505 13.292834422234526 67.70894503684329 90.1273834242165 6.808354058047727 62.66001784963149 101.81335775501049 4.567743794191545 79.67111997046946 85.3124813169727 22.442230223251915 45.04519952122795 48.48594518589551 75.29198938535656 29.383294360065143 86.82125246889584 106.45753997640745 50.185520580436965 34.98585203910522 58.65592053393762 71.28022809996409 90.08147200660079 47.42257245490462 69.3693124078283 71.40684331796764 96.91374541219247 48.42324295813468 81.01680055136931 48.44244442085784 71.48096599406631 66.96240624699891 29.319468790029568 60.74723916204248 96.12294736737267 58.18603870605154 15.781329034093345 72.16950755295643 57.16331241813311 77.93688418903933 74.97436258666954 81.81171965880739 49.00966151861078 63.35556084064663 74.46054479539744 60.13236853873783 79.07154340268131 69.08676745316902 37.87294972300774 60.23448998546519 62.18636070396975 73.04920736396407 54.19007847310892 90.57952478252083 24.29415945464831 78.49802057187415 46.38409672334886 74.03635828181848 35.31542717883461 84.13989073622652 56.39622824415333 88.55991012397463 72.52363045285512 5.826687749990448 77.83965722960687 58.39172375712318 6.785162445791165 24.13048367522218 46.2218107430271 107.74388510395275 88.82228035428697 98.99253546378428 48.47341877536298 89.42521340517978 69.99760391955397 
76.81499568765766 41.29821759064698 54.584788887071184 41.44697407689957 77.51589180305942 0.0 73.6541764086184 17.72163010508269 37.7655131948048 20.370308659160564 16.104736109072395 73.31935766721415 35.71200614984309 45.82638422779123 3.25829975076902 71.73481723938848 9.194585256630505 23.872992414539166 66.14414301129759 49.646300075278475 34.65501068764827 37.34062324681961 8.156021490107001 58.05562511996587 46.83021073874744 55.41923731534741 13.957188562628652 90.70489218724744 18.209214638221166 39.62115618890343 80.89435004773708 15.08844579160735 34.155165591736726 72.95507764615243 51.30259012710433 38.434597168363865 67.83961387121192 44.634710149122895 58.473064581262705 6.016437994147916 75.47518411040505 9.315771360970102 35.504516100758394 52.43766722174793 62.24403394243282 48.64154524077215 12.758344357774268 29.18640886292502 41.043023075668444 12.631737307022446 40.65256041387369 49.64264093043169 31.956053337883894 69.75825492477337 33.72235979883464 74.08590413413502 34.303056937943495 56.56935864624306 48.28315838680305 26.74686718781624 35.699884463992824 72.40556406366916 12.065726002459641 33.64798666845538 42.80858571157503 36.87496705349715 45.61992958849775 69.66750338651795 71.96577419412037 3.2804848375114775 17.637436873931904 36.36159280105705 43.660613530974274 43.465894341768376 26.228864280091436 57.32442982172768 27.302749970746895 38.870525495925705 13.480538565706063 79.28747228049681 54.39845692139067 42.34019183007398 34.5399245341209 49.43408205368985 68.81550176803484 62.597469857465946 11.068746876456213 49.34645431831942 72.69809542339823 15.18165385542689 19.494404006792575 84.02079647119363 53.4820966800653 61.527858979433724 33.89041390464203 36.092676332448235 22.146366336448704 69.72414494021196 21.9478002077688 7.518327847166066 
18.174012471756892 35.604624340478146 22.74612813093093 36.801679749444276 48.01266441234396 73.6541764086184 0.0 56.522429890568894 39.12976050506656 63.9943382252397 86.67027715844945 6.44247163366615 39.91072634994923 27.82840341201968 76.14107335942498 15.894453681212656 79.45290412452555 79.71294899413029 38.64669055100008 24.491995906701316 68.21265229480639 92.65673704896173 75.93261641738995 75.12564151879968 30.409131228753452 33.69212499914784 73.97701361364486 55.960161625393916 56.22233131946998 62.575675412367254 43.989435302956764 64.09202034697097 81.25799533435581 46.20055883805675 103.25864017940404 100.71584947461474 63.3219317896314 29.756722164249638 15.313347012852812 68.47078792103781 19.331629527052662 81.03181862371083 87.4830005073755 21.454862219395057 71.785213027072 28.06510106022938 61.78465306390534 68.90333606590094 33.07490542144255 73.21740503686384 42.94509576457802 65.00551951615084 61.69863869124871 36.805631399278674 64.0335611343094 24.74943501865628 84.64346468013049 27.399825961739143 29.591555793379143 78.54541586223219 38.674649571279495 32.24141266568437 75.98202250974241 40.2536148806184 97.81050277437745 48.47943477334146 101.99461780406801 4.41118371493971 16.645100485161453 70.50690035569983 62.56611948190532 52.62465943520604 39.01502499525997 36.288392147875214 47.52864152311608 23.898407469034787 85.84817687909032 75.41974397076991 82.57408936632972 26.0336362291202 103.88732854593323 69.52255519971551 90.58606075276546 62.33914296715925 40.710290912260945 15.381552013304066 82.32653908489301 38.34764755717016 49.37423547508313 64.64483533989078 57.023553589011826 49.14255552266625 46.36005521035955 12.132331673607515 91.44185046440478 63.16359200503973 94.67124020361317 4.145053343950088 93.76853108402952 67.77928531835998 
59.095189804097274 23.607047570626744 39.095327301457694 27.914679545151277 61.74547522960559 17.72163010508269 56.522429890568894 0.0 20.1274216456731 13.723183840889721 30.33817336427242 56.72531753583967 21.440445433719038 28.809770425920124 20.652584213959454 54.014021603352575 22.98231002837296 34.011318708746956 54.91644709333104 33.18075213529265 28.26004901675485 42.91540648771416 22.53755349382842 50.16994161379208 32.05630963993744 43.00566147136939 24.184312364447653 75.03645157397015 8.57166836269029 37.803513209071134 64.48761978623502 9.661475862720598 41.88625243849941 57.187663417386695 56.34392217052479 47.97088916605231 55.45459591534507 27.09349416218831 41.57512597511003 13.870624078063049 57.7661106211755 26.371019035487578 45.591356101869316 35.72355184679909 52.68185023587848 33.458914060279355 9.782336298961958 31.998514986008143 23.565365625258917 17.933201882453936 29.940218998200404 47.54426858150147 22.50002202044966 57.94946991846231 25.326513546633684 59.84563081831074 36.77092681538703 38.996363902376885 33.600435180414344 35.33563488034723 20.230481706250664 55.24108978480699 20.298111463334404 17.67763487035545 48.70221385462689 28.338309728916784 52.41847401992214 52.69280915861149 56.57429488339826 14.446944168485075 9.907417424943151 29.946725777522637 31.731961593982785 26.002832460942788 10.636120637596003 42.57364138265305 33.67311965708706 35.08856497998568 29.406284475130583 61.69925148594914 58.53285889409234 35.171625475140644 40.23537490479544 38.6696850547656 57.90627389027522 46.63744385439869 27.977164111312167 37.91657579923463 57.382668825947505 16.995549659199764 4.952739926284871 68.00342983561687 38.33044462411453 44.403403466348315 46.18579998116589 34.93328689878227 39.77259788222045 52.70334594768317 37.33530029937961 11.259411574084119 
39.17523934304936 3.6845444160497656 27.804388714952154 24.433362825790034 43.93728802185757 37.7655131948048 39.12976050506656 20.1274216456731 0.0 24.89386668483769 48.52662854477197 40.841694298404455 19.653153387901572 14.596576194441358 40.76241234661248 34.218679826615066 41.72709547907839 51.930923398724225 49.91995636110598 20.108370639702454 30.885249630581452 53.902252479751 42.45737020531288 45.3809740247114 24.243611822465905 37.64850578148855 43.08540879081531 57.09651530028608 24.219963961041895 47.219662400004054 45.67778734885165 25.628760425776893 57.902613917184695 39.52000908918418 65.36159454946993 61.61909619810376 43.37833972084228 10.138438278683212 25.754972346584587 33.88937731432801 37.76389259647735 46.494264825828566 62.70512021809018 21.27849005468605 45.18232505033214 24.19630584084399 28.557388231206676 46.16019414047277 8.383784551717197 34.628680808706605 30.810280421757984 55.16447799737892 23.85046999874042 51.6834613936864 26.63505122261404 49.03440409257455 46.10898794523066 18.880016652673664 25.570944519826103 52.40782421891723 16.22105174193993 35.49347776795589 37.50318692765385 14.29064448934103 59.257023214857725 32.89391525856326 63.39291367243159 35.91683522621609 43.59862907394635 34.4855560300201 23.799244881139945 36.54875489168375 29.9670129517743 6.213998921730233 16.301741793852703 32.5266590062572 46.7363384090919 38.56816744249441 49.37625666321518 41.572384464846294 66.48671863367059 34.434939381304375 51.70198027547428 31.67289942338843 53.10223987054019 33.11154996697539 48.087444976018 35.32768527179618 40.44105985579194 34.41797764315044 18.901393956066883 49.69249575719193 23.173802274389814 27.570306316860908 64.42358044833728 45.49401204623647 59.8792069498231 35.78670053176127 55.71761519402108 30.79415707486394 
62.817064974214816 28.501542608513162 49.78326526778455 40.48481891583909 58.414200274693904 20.370308659160564 63.9943382252397 13.723183840889721 24.89386668483769 0.0 25.054826142102062 65.36991173748623 33.95137823801097 37.745489484856115 23.55211974563931 58.211851153428015 19.577165127538674 42.77648675336164 67.82652808555477 42.886988280988824 15.466514651649062 30.348360258151164 28.085352461365876 38.59656623887543 43.675507915751886 55.65011448521223 32.365879231674924 71.3945457658011 21.94266511564165 51.04309084795778 62.44147931083738 5.883837255263418 52.11045649187873 53.90865318494605 43.238465713445564 36.99806633179667 47.47895071208566 34.45796438402747 50.089659946501314 20.602641034511525 61.179129970587276 29.47726031155916 54.659766412735195 44.87087165720741 42.21790722498102 44.674185442379 20.856938084195637 43.876160259199104 31.556530733991032 11.084548102588911 43.37213420958345 60.94565131201809 11.603603057011789 70.60967622122065 13.616534944530795 71.12191932072368 23.498487212370524 41.656287810292014 45.22458282068637 44.961971407658616 31.99541780836382 55.46739960824577 13.992717414905142 29.207269318256156 36.03400612012483 42.042996303184886 39.96799872026881 60.661072343461306 66.87706304867271 17.91692540461023 4.030606047395861 43.642962778605664 44.81414654794608 28.90139062288034 23.34801632487002 53.831438906552236 22.12338395648135 21.627458944998924 33.84561387486326 63.75994213400064 45.18423345334156 22.965039720287432 27.848840529589435 29.094020414524383 70.88779159325084 56.52263128353271 31.242278322936233 51.015769465955124 53.28649931157238 28.035586316814808 9.41725579606799 65.08357032188215 34.30329720419355 52.26563789400873 53.850515556410066 47.98872521427969 40.712895685116635 60.561184253956576 32.13582668647116 13.404460748757444 
87.40186734851231 52.210430258542324 69.1770404760603 56.77075461682947 82.75917783913567 16.104736109072395 86.67027715844945 30.33817336427242 48.52662854477197 25.054826142102062 0.0 87.05725865657824 50.70215306161992 59.10521449292873 15.905403247834986 82.61476472498153 7.520239401574018 35.44763175232389 82.11945211358956 63.51050292808774 33.70682547940589 25.09760370821573 21.04226324954783 55.24604403387046 61.74646817359629 71.1524023436524 27.656542717954288 95.44779218727741 33.50349070364442 55.128365924068035 87.16031445563657 22.899758365223544 46.103659640241986 78.33432804354072 38.25398579137343 23.310553807664288 69.01193132405898 56.979608908745384 71.8700572522711 22.050222861824334 85.84460283412074 17.05888629497164 45.536551629057975 66.05787577990948 60.75966419624404 63.37329373466725 28.430268909529804 43.9207163075021 53.59632259821494 14.108068435991761 56.56257934749969 64.98655479794839 34.37481586551908 85.66251497054648 34.7794587985418 89.36240433708839 25.319585217710927 66.37376540559136 63.251224900891565 38.977061290161636 50.16233315185305 80.52104726019626 11.162066240613454 47.80008631449508 29.745492423125715 52.94754074637146 31.735747699032203 82.9370813070278 86.6706946767535 18.159316703650912 24.877953563029248 52.4563248962587 59.404722172718586 53.34900737305898 40.432619091520756 72.31710668812975 16.35571313268883 34.65897493262537 21.361899605472203 88.71394809986282 41.80017927358573 40.62070741598723 22.603734979326244 50.237571863524465 84.83279900598104 76.89928396542948 17.996856856690215 65.22204680168213 77.39096396606823 31.188615442296165 29.76896018987275 89.5062854512059 58.85740632469096 74.59500740001704 41.91247687679232 51.562220497311706 19.975326305533102 82.92639185651221 7.19509210323513 19.31241569982894 
24.61240253103644 37.53534123195394 19.94664197656232 34.416125213621065 54.12594140241868 73.31935766721415 6.44247163366615 56.72531753583967 40.841694298404455 65.36991173748623 87.05725865657824 0.0 38.42661443471155 27.99138331418023 75.61598485256472 22.09591171412554 79.69810882706255 77.44255496537441 32.71615594301264 23.677295734881984 70.92389566056825 94.73578979191997 74.91604316320971 79.4557540017351 28.036818695980738 28.98521188813937 72.42971904669159 62.349524850725224 55.448243407979945 58.82634887770412 50.29379628590522 64.88939276092887 78.20157476149123 52.12422705386566 105.87263965875609 102.33054222979746 68.59627100302093 30.927041173474517 15.307744383575272 67.88031254175793 25.732278295639016 80.1976349891037 84.54856152015243 21.002339471324547 76.48940514466605 25.78905522169178 61.05741746932947 66.0407276070393 33.87937168795 73.9884324937574 39.816617853902315 60.46563150839752 64.17912029942897 30.63443734438732 66.68839548887192 18.320300072849598 86.8782561510994 31.69889339707491 26.96497478943875 76.00582528510658 37.73404395527937 38.34586383530282 76.65577126028833 39.67149118964504 100.04645719850542 45.44191443895056 104.19903960753805 5.698574209430096 10.276922085617523 70.26740780290164 63.57555441527341 49.407165735717975 35.79352450810191 38.897646679112874 47.0959164162389 19.857724942183605 87.43521544219762 78.33218542736812 81.37668245784589 32.47021256832096 106.7177742388662 72.8417396583675 92.54312289595069 66.34060458150957 34.62227844879768 11.725200657132598 81.39403319470046 34.24834502717811 55.226197435074546 63.21264672462668 57.77764930687673 55.46708185095734 50.80937619644222 13.350661082168953 88.83475641901134 59.72019255012716 93.7364528545095 6.114664334414924 94.05375093531103 67.89649602528964 
48.069209634164686 20.2423198944874 18.982227540921222 6.539679106590061 61.514103198959155 35.71200614984309 39.91072634994923 21.440445433719038 19.653153387901572 33.95137823801097 50.70215306161992 38.42661443471155 0.0 14.147825467782136 37.67888281788687 42.766984792329744 43.18241462497809 40.099442437189275 33.89003675090437 15.507715204840363 45.76682309099926 64.07983753992552 36.53892845008277 63.92129379967242 11.11868944345945 21.71183658363987 34.09733258072889 74.21044167914907 17.505992722046344 28.630470862028844 61.990791429631294 31.007644627563163 43.15922818241744 57.359956428810754 77.18787518632548 69.41019312708805 63.02279760299126 16.746508059609386 24.718725208786253 29.955440709362392 47.36193886678531 41.91005131984771 48.931914691499564 18.64424653593172 64.40554454166347 12.98556783477247 23.05328555639964 30.66815371873937 14.0919794325355 39.29653089886943 11.237102531248432 35.77501163860379 38.81920520944376 36.680476553969704 41.89215829253566 38.68097916195406 57.449446133257915 32.9480403276029 12.584831615818429 39.32773910024198 3.4605417702527252 50.18861973894017 41.4912096724879 5.6679210788401555 69.8339383174161 13.534156342855951 73.6521875916518 35.611679421895026 36.260747069831666 32.90832340419563 30.728359797708052 17.557852355690546 11.241334695096892 24.535364453081648 10.823800834922896 21.647895728892312 55.05865135610142 53.368368572712434 42.95048324983581 53.03718513640987 79.09637201631804 51.13986896813585 61.46086356814039 50.524048833188765 36.972920167992996 27.179334293579686 43.042251164671434 17.319181945475798 58.7923219264156 24.812364355486363 24.620181346407154 66.56536164548574 42.677217430728525 28.29359254230176 52.19291367586148 27.56197420703111 55.36158186994211 35.78802026578704 57.31394089817122 31.481899322076263 
33.97551951235551 12.437086440337799 13.246992276467463 14.842586759388531 49.1496824401224 45.82638422779123 27.82840341201968 28.809770425920124 14.596576194441358 37.745489484856115 59.10521449292873 27.99138331418023 14.147825467782136 0.0 48.337037338376035 28.664744453075496 51.79027152165848 53.85568199634531 36.29157161663115 5.511799103945429 45.43349511372553 67.6968725752864 48.3689468056929 59.109980890625906 11.488826765268593 24.46245044008223 46.98257483297522 61.36244324170282 28.601798602702083 41.999508743154934 48.87176296444051 36.92439820823794 57.30298337137679 45.28838171033819 79.61822526057438 74.73231921356964 54.245306227811525 5.187781961581739 12.76694882506562 40.69689532131156 33.22525784641884 53.33501473741928 63.03099042726863 7.130505061383745 58.12553523218537 10.57094049112337 34.09677938023215 44.81580836322161 6.376133768150583 46.008494279926225 22.414098788068976 47.93249829793902 38.35834620933132 37.632197083236754 41.19497619202658 34.44916158788103 60.1419156409003 19.888292066789642 12.407451765544725 53.303929384002636 11.76469612502626 36.64985982073357 48.66515507750258 12.710619864454449 73.19762889384752 26.58936697265428 77.27600176958727 23.899444818602383 29.30255768481655 42.67982905756361 35.69562767416579 30.893902517770336 19.93757192759449 15.920614673712935 19.766714016108736 18.058440217708355 59.868518195387374 53.137857786106984 55.12584207062436 38.91083489135691 80.88659182541058 48.96872994668008 65.35647867245989 45.320124041639446 39.4464369315992 18.84936524397382 54.681777820775054 23.8028924220211 47.168629243494664 37.61955148557173 29.814278405242288 53.66871948538943 33.658941281903914 15.702035601640034 66.1086478841611 41.33067838848551 66.99816896559392 23.928821508126635 66.13947138638021 40.03912919987706 
79.72198231830822 44.259576670472185 56.63677794585029 43.1870220773166 80.76604844456834 3.25829975076902 76.14107335942498 20.652584213959454 40.76241234661248 23.55211974563931 15.905403247834986 75.61598485256472 37.67888281788687 48.337037338376035 0.0 74.61187996696516 10.002534874097808 21.607841164302755 67.19178088048042 51.976115329755885 37.60597539869987 38.696317326646955 5.830782314061971 60.96893379561834 48.7690497407636 56.787940790297284 12.277526147756618 93.9588734399826 20.226249057231595 39.23112285591326 84.1189329775505 18.336910150975708 32.10317247746122 76.20448493073705 52.552832612848064 38.91780648267451 71.03089330363952 47.356577610768056 60.90351452578871 7.745394404465561 78.41120257300628 6.058699916812933 33.008406067387014 54.828190686681324 65.27536368908547 50.657599603147396 14.632605471798753 28.225967505075975 43.74258244978933 15.209106169466944 41.87146029743371 49.12543531719986 35.115646085983386 70.90492373480112 36.8144793373221 75.75097486845593 36.2554831143791 59.603745733066305 50.189988948446626 24.709441895517955 37.902374607922 75.54930060864329 14.168457163535244 35.98047934195767 44.007619811669514 37.77742743309304 46.59796369015864 72.10075518072266 73.92256565058469 6.383290468654472 20.88753331967185 36.89480739854131 45.06014367084201 46.53073538692266 28.62036467725403 59.185517003051004 28.767944688720327 41.53960613356725 10.305671965708138 82.3193048494103 55.781333282513934 45.28032960630448 35.93215582369469 52.576974124410626 69.78151005785193 64.7360875197983 7.810448308460546 50.577598316407034 75.95512644025266 15.541526936679732 22.67169922699322 87.26462281300233 56.73810083593065 64.0320865529472 31.04979665956847 35.66781610786908 19.120199847551124 72.17427211349425 20.938347358729683 10.77018728857218 
5.314088259243235 30.571630241687757 30.882104835729006 42.0366851683855 32.12155641916062 71.73481723938848 15.894453681212656 54.014021603352575 34.218679826615066 58.211851153428015 82.61476472498153 22.09591171412554 42.766984792329744 28.664744453075496 74.61187996696516 0.0 75.9286583959125 82.41781754628946 51.884054981453424 28.303649981430212 59.00076866707711 84.40893329152581 75.62470078413698 62.03565728692728 36.395439308003795 44.257151787732425 75.04492134841053 40.45970814650257 56.13681905399785 69.49519237551551 28.22606470859554 59.73766776830058 85.91065084985573 30.441385848319477 93.62019691486111 93.43566381987436 48.46361790683499 27.714732703467455 20.802203645870826 67.36633575211344 4.821620479563546 80.12494893351338 91.68958872593609 25.34896798837979 57.952782567987036 34.2082279774229 61.299473548478446 73.40324268773708 31.341524707370343 68.58917548850563 49.330256463035084 73.86661305694705 53.27136424591026 50.790319861772645 55.09184775325644 39.94686683240396 76.17426801385012 16.86547283393138 36.22733171806959 81.95684156233284 40.3904694434007 16.36212511850104 71.50650840787085 40.94354746232984 89.11482870593363 54.29392598126939 93.31409962370898 17.32002107615463 31.741435697904723 68.4609600565965 57.752592637675626 58.64401582190309 45.91227396355117 29.332885305345762 47.18693479111641 34.10601379249071 78.90052051902569 65.54215142910046 82.52673862756613 11.59125270700302 93.7511224036634 58.821226218629505 82.66240024440415 50.20972045223055 54.35797682622085 26.609080167904406 81.62855431678771 47.25543448213961 33.686798109149464 65.76674987023235 53.11819448912215 33.419607374914044 33.651052882083874 17.36306175316716 94.73394308752609 69.300630853809 93.69683769773812 16.764521189735266 89.80945889747743 64.95545622649558 
80.81114345397648 45.39724700839265 61.686739807513284 49.255756434919945 77.97175143740148 9.194585256630505 79.45290412452555 22.98231002837296 41.72709547907839 19.577165127538674 7.520239401574018 79.69810882706255 43.18241462497809 51.79027152165848 10.002534874097808 75.9286583959125 0.0 31.29652225922404 74.74279216298079 56.10582158543577 30.957171929921266 28.71442583303856 15.75820468439976 53.75172226356223 54.23106149138498 63.68375142848989 22.279076208446572 90.90079409938794 26.006053582045116 48.79236572068698 82.00719389439605 16.308106352347224 41.90435085970301 73.47526391595164 42.55093991351731 29.24387439987282 65.80535780186358 49.84612740006526 64.55654141663754 14.884694857277745 79.31410841129005 13.47338094150406 42.309126577394494 58.6959941537854 58.684277425335175 55.86879995526094 21.018911937441757 38.12447643454702 46.40596245285849 8.659982565411307 49.165206977975295 58.79020580017839 30.155770476388376 78.24488189296724 31.150237767082118 81.84243818333897 26.73644259817601 59.94595809400931 55.73418754459178 34.551224900697484 42.66928931581886 74.69023420172259 6.134548601360281 40.33334620348319 34.005090187999734 45.69395231633242 36.63028517315253 75.66260573373772 79.17676772734703 10.78359510831904 18.554299082256065 45.40656540025314 51.94543668797794 46.82372972701495 32.9466548861359 64.80073690122104 18.85008261700755 33.55813698966256 18.293898562296018 82.47986616458586 45.795596944386865 38.398921964096054 25.96401282833682 47.01439514115729 77.48773497690341 69.44580072681912 14.951153994214629 57.8019311226645 72.79018982507307 24.354961422800862 22.83658511776303 84.6532773853959 53.874848590749686 67.3503689294745 39.61319561002234 45.254968874833935 21.59832816518417 75.6655389503901 14.355642402749934 11.839304241386708 
87.72966988564905 54.71057417168688 57.498214055785745 43.050294760470194 95.35597763982594 23.872992414539166 79.71294899413029 34.011318708746956 51.930923398724225 42.77648675336164 35.44763175232389 77.44255496537441 40.099442437189275 53.85568199634531 21.607841164302755 82.41781754628946 31.29652225922404 0.0 59.815118486109114 55.563300910992886 57.916410996656616 59.8782341417519 15.8179852835471 81.29021889411658 49.458937327239475 52.410009581851625 10.410710582935806 108.63456204029015 27.734553747759474 25.358258507039118 97.56422678344576 36.932236181606264 10.671697646216359 90.82954049225002 73.50428269729899 58.62153829089344 89.12850599118099 54.967878623418294 64.72368519649946 22.17802421695703 86.83273650298801 18.40133772682893 11.884264920446832 58.71392255866285 84.96103032761437 51.762173396583556 24.247011884211883 13.29658808348661 51.46935059873134 36.503366234595156 38.17385224961318 33.39215501191023 54.17821128392181 64.00328114290238 56.3897303188728 72.37164535031441 57.85414825115867 70.071763743599 50.47900565224272 3.743588274442838 42.09147629332849 87.24171307519492 35.750832935235245 41.505125314345456 64.9462200228051 32.63440205492077 67.15876967769735 75.33924633777434 72.92861364839507 25.27967653359583 39.22597703264954 29.4481392548225 42.171915776729776 58.14488538464139 36.01072872373316 58.31843388533437 50.1337583424583 62.64176888972402 14.29269414353922 91.96131115487802 76.90001802920797 65.57307355999366 57.17446321386328 71.49281189057449 61.70644679136157 65.75090675118874 17.511661069879477 45.81437971525047 91.22351235670462 17.54163682922276 38.18721947566547 101.40682497781793 72.29593647644433 68.3543436310611 12.505767092324199 22.221439014299584 24.162950303735084 75.56820672697677 37.76265950116466 29.486861833536036 
55.79259305995125 48.52361527588104 24.12069340245726 27.38284621525182 81.33566461575924 66.14414301129759 38.64669055100008 54.91644709333104 49.91995636110598 67.82652808555477 82.11945211358956 32.71615594301264 33.89003675090437 36.29157161663115 67.19178088048042 51.884054981453424 74.74279216298079 59.815118486109114 0.0 31.368680177402283 79.21985596042364 97.81006051299838 64.05054962418053 95.20925033023315 25.689353360064455 12.40143024893257 59.114562655658176 91.730806579722 49.00791964233499 35.49765873448261 79.08848333718751 64.57708715213286 56.46657170725974 78.23640179633968 111.04852416462235 102.53273632244041 90.08739070409884 41.479299819791976 32.85070538931094 60.1326486808139 56.384953910884676 69.6907547208803 62.95843019279984 32.137499355966604 94.41498891946316 25.850629808037006 53.724566737366125 46.582693493062976 41.69863162624866 72.32216214898396 25.586237186442116 32.61475111154682 72.14785563647928 4.279492944509259 75.18597184898769 16.897496668398734 91.32350415250954 53.16887928774774 24.35111397974665 57.12421446498668 36.17951169839524 66.34078791075815 74.19402005884116 38.98312120688013 103.58675759832362 29.44828565164537 107.33334336099368 35.32067106053157 22.880247574203487 63.97515381480742 64.50840509702559 31.112727894698992 23.19882490763588 52.20664176938575 44.53484902202167 19.353841838293622 88.54881398646987 86.91411133610502 68.89138140061644 63.3448879118975 112.98604112996888 83.951712967406 95.14654129159949 81.43556041468057 3.1826163734872086 25.33738663385213 70.26401398572628 17.068123520676693 80.7448180928291 51.83315800996929 58.45769092709194 84.2853958325101 69.69525322563192 35.30036604708716 68.58929575644318 37.975740180299965 81.55694383334809 35.86051492582841 88.03607760543615 63.743400489703426 
33.49782090354173 17.85617480828145 7.786722258576096 13.735509625057285 52.06212418342126 49.646300075278475 24.491995906701316 33.18075213529265 20.108370639702454 42.886988280988824 63.51050292808774 23.677295734881984 15.507715204840363 5.511799103945429 51.976115329755885 28.303649981430212 56.10582158543577 55.563300910992886 31.368680177402283 0.0 50.933729031417585 72.98474980585986 51.501912373092146 64.39580503017181 8.4020381045532 19.994150565366837 49.49767162547752 63.780467441996876 31.873008622168857 41.20963492636769 51.12810156964532 41.72205933156783 58.02946871677397 48.448372379635686 85.03012930806894 79.81490187015017 58.77519253819487 10.446640119696577 9.22163496972108 44.252187306647635 33.070276812805744 56.67975695408574 64.01687913532704 3.155238129413759 63.203817563139395 6.603288508761487 37.47004836195835 45.52311175884296 11.844006245381959 50.73168917706731 21.0743108059353 46.109313485381975 43.85132210177787 32.44867935846902 46.6984596082923 28.94509255646333 65.50311669859653 22.835042251763102 8.710534800858234 54.65376076629895 14.21115088630012 38.55048564766758 53.309073731510786 16.00291712714956 78.52166221345547 25.99579278794637 82.58019886072425 20.26956181292267 24.001051995446055 46.59013739772348 40.64469740558313 30.343766292920115 17.861958602423066 21.107670780277576 23.41962437977621 12.66979911770978 64.98707303089162 58.64258292176389 58.10142388308681 39.30207763365849 86.34012320277888 54.4661372353201 70.60819520951371 50.61364751222278 34.48697381768495 13.652264841153666 57.93159727837908 20.48870660457759 50.5857711786898 40.15686945321592 34.644080320406964 56.09977855306569 38.32878342683297 12.792926756813753 67.55116533082698 41.010610749429624 70.28322552720186 20.403953182336895 70.45640278130541 44.280826486529534 
62.78609549061557 33.699625861550665 58.52662250297924 52.04762813265723 50.723504636670036 34.65501068764827 68.21265229480639 28.26004901675485 30.885249630581452 15.466514651649062 33.70682547940589 70.92389566056825 45.76682309099926 45.43349511372553 37.60597539869987 59.00076866707711 30.957171929921266 57.916410996656616 79.21985596042364 50.933729031417585 0.0 25.60871396264609 42.7196715667691 23.416786934391258 53.86676577879244 66.82494347231207 47.528275616764354 62.776332589910844 36.80080109313995 66.04965844218128 55.95272856293645 21.31311311060014 67.47562431822936 46.561651609202066 35.04660659910342 35.40118416476948 35.308291494013204 40.96898972479006 56.29273624853642 35.84472555817113 60.89444714010506 43.13486058853896 69.77062196442337 52.152311505843535 27.793155332648485 54.322897594202075 36.27093257619732 59.31698291653503 39.097289219529266 22.764638541674767 56.260515539185064 75.7996871166303 7.123245165237829 81.50813802131337 4.261030167895591 79.87871495156419 17.3453070953098 42.258564514830546 55.34355913956504 60.260969649092 43.11609014315264 51.97243811785501 24.8426380034144 40.3460144769432 30.117538689935326 55.81915903979637 34.314806300399006 65.62317983297956 74.4428787210747 32.70165749246853 19.41256125094473 57.93532393701554 56.99859114684672 32.040376970435034 36.15991466870925 63.1033587159934 22.330397800706173 7.741313905798811 47.80934414995254 61.79667017758684 35.79791971739835 7.687160763376844 24.18766802112311 16.580477912060253 82.37228738454667 63.96589889128599 44.85057165467747 63.07441599326377 45.060215567349644 43.49585153757075 23.37473329738281 57.50065668533098 28.305239778985293 57.586785494463555 68.53745661633694 63.11524598252232 52.450831863273294 65.3989602465465 39.68540755976248 28.435627618345826 
88.32338249464804 57.22220001920901 80.05576755483504 70.61675660714573 74.80075397781513 37.34062324681961 92.65673704896173 42.91540648771416 53.902252479751 30.348360258151164 25.09760370821573 94.73578979191997 64.07983753992552 67.6968725752864 38.696317326646955 84.40893329152581 28.71442583303856 59.8782341417519 97.81006051299838 72.98474980585986 25.60871396264609 0.0 44.4726300998867 38.217635263473575 74.0180036412234 85.7824530524544 50.96765665803816 85.90327731503888 49.732905060225995 76.45886631020852 80.52887676224778 33.25891330962692 70.53194961379779 70.94063447611622 14.005241266646754 10.731629023594891 56.08243792788646 63.936634501826944 79.63234165249366 42.00678426145752 86.45120733167256 41.60723329970742 70.46386047569622 74.76588102017243 44.91021466660293 75.01791818823126 46.348139765134896 66.51595784737444 61.3755033495713 26.52100884447216 72.77683776497884 86.56634256508266 31.20328285063739 100.7511403534718 29.336328243945957 101.44092194808087 8.266239617208003 67.57763700754384 75.56820874178656 63.21928607041568 62.29509287341167 77.46235521074023 25.672824213126038 59.52204026653476 5.796119908627008 70.58440256974252 9.621185171894409 89.70836870244345 96.97666524869662 37.638465851157484 33.351790192468755 71.31816848968654 74.6425428674591 56.41916070137805 53.30751201188293 84.16788313953079 10.067056727558994 20.619763979053076 46.196705281 87.39322776665043 17.085520700807752 28.423811300339985 2.821234307082478 39.485645173341105 100.81505166892413 86.54544312023593 42.7832747748817 80.83114540484465 68.9951614364535 51.68767071679696 39.48311920155342 81.46976083178635 53.67360293577451 81.42813919107101 67.00593422949476 73.012951361627 44.13772270345547 89.54300306280162 26.57948971970598 35.737276108671544 
