75
0.0 5.584856529317951 31.798882980388175 55.87436132687048 28.59334351266951 22.633442590229105 38.51887305805222 3.9173847237798904 75.12428208406774 68.13676483666367 28.4996498101045 28.192579546886584 62.72457151313589 58.5010827165997 11.633256410031684 59.282686535871726 25.417124080613362 16.13304646619368 69.5844068511483 2.518807790190746 8.86502489669413 27.01854285905003 81.11480311450067 27.41891161488523 28.426768821799268 75.9787766521327 70.10638296491287 46.00377759942609 53.69846628190199 51.93921653400287 69.65434055800772 57.884568271344826 49.38531951382054 36.12884707582365 64.29259548613119 55.141598738820726 38.029125483931814 25.50508171097946 31.033643525922493 46.74612932682657 38.47194563498786 30.946762005203 49.23419228708346 31.656920598486945 66.55658763591568 20.706462926677162 42.699561074475234 56.66571579692536 22.10825007311668 27.694871072641018 65.40380423118948 20.19497683309578 80.56183130699341 42.323771515337256 62.595832782156435 31.57540800510399 55.453006118888915 38.5419132112462 46.24686077531554 45.313216725514586 55.80399902004652 51.35764532535909 18.384356182983577 10.349044584710324 64.50970500625978 76.27474364878749 23.607974235682093 58.48135508690644 31.430960035791536 39.52130476241523 12.768037967019563 49.8909268282423 51.246597492069625 71.42034003668405 56.70782270012042 
5.584856529317951 0.0 37.061066203800884 50.895938848514945 23.009941425475787 19.452226770343735 33.08941553631112 4.462372719337443 70.05496613880136 64.50948206739315 23.855731597255424 26.135379359178227 57.392451544172744 56.154369647722795 9.626655895633625 55.53556957924748 19.85936234658281 11.20012150965811 66.42198465188186 4.458697075023232 11.896245328310227 22.489650150227476 80.13612499932736 32.31478505438019 27.99894055426095 73.82718533632793 67.12431958347075 44.19483917671843 55.06099947419317 48.113066047840064 68.67743927460508 54.35380992376486 46.82224210004599 32.65535382609349 60.56363189869946 51.41613800557788 39.58024821008327 26.45511355291973 28.81860934495048 51.43471205803652 33.246272828973076 30.439058493728243 44.06094069713732 27.614955577108326 63.02140642573526 23.259890428089747 48.25736120388809 55.98605712649473 26.41183230665578 28.02712321647075 61.85738721516859 16.319673114881578 75.25102173760514 39.684056837057526 60.17003814225046 35.82753585042965 49.89008522027193 36.62646006113142 42.057723525361816 43.94003113980159 56.811879817505975 56.70801116686205 18.21105288332422 15.866428102404296 59.07946369103477 71.30026993013246 20.148910981169788 53.80063211834942 28.366034310029015 36.93548267338367 15.769837639726347 52.988354201623686 51.66234833994106 71.0806932100332 52.18505629810101 
31.798882980388175 37.061066203800884 0.0 81.02497133500242 59.47553350291129 44.78447148950474 70.1191146746501 33.11160183233086 100.13773391862287 84.94236220968148 54.28892067041379 44.57971794055713 90.0054917594083 69.519071235155 41.93586857047735 77.44436849827747 55.747858037810765 44.817357584961094 83.75253895737374 34.00480942382445 33.381328830067105 52.594259344946856 82.28156689039433 6.8612455694688474 52.50283440141374 84.0985448757316 83.25510454288764 71.68253369488154 45.41717980921686 71.20500718636163 71.98245013238046 75.05128570224419 76.84836040303605 66.0873152365095 81.94218137607989 73.57615984709619 33.6014453075368 46.37236482321441 47.06153684812082 17.491992369073433 70.25965172094513 54.769773143758634 81.03278054741425 62.60064235196977 82.98349088197648 38.14949820847605 14.62004391035357 59.24886181090682 14.279069150407786 49.816379232005325 81.98351679463525 45.13421270424983 107.26616287564967 57.34475551164679 73.52604329698492 12.314257018779498 86.42821523889658 65.08477673411471 67.89205447942484 53.74115908129406 49.158171546833465 19.728299191666707 33.6578066062819 21.68797433965012 92.57091377386055 100.6038160509968 54.12285319727033 81.75348862280777 50.65050611779736 54.875191145460306 34.00435659549533 31.48867212953151 48.96798261864697 70.00514976062053 79.20625122704229 
55.87436132687048 50.895938848514945 81.02497133500242 0.0 32.97430994713641 36.287116713323464 34.94329244668137 52.410872729722314 19.347659899894616 26.61061116246366 27.583529993937187 37.59461240330236 11.619495769324551 36.40079705520631 55.25927069467808 20.476923453772848 33.31379760522967 39.76723937331811 33.11253627277453 55.35148637588665 62.39095213663571 29.197047766181964 64.5233195780869 74.42563415789061 69.16267035507855 48.66239619584166 35.53603436363042 74.45019428622999 67.20109972819355 18.076152114927524 56.4384337944802 22.756588364681637 71.53128141595793 57.337620007417044 23.03671386572479 19.614067897029507 59.800601153236734 71.8770516899363 35.86146229114161 88.83486249099263 39.36169120150173 70.6255869137148 41.93435032456057 51.62710999603744 26.770354747843612 72.24359174404482 94.9129037649157 51.60162355501662 66.86439540191431 71.49621357240555 25.960672298361906 36.6621753114826 26.495380676619074 30.611190248565403 37.46229356254557 73.28636120658382 29.227265529095728 68.76361084575774 15.303362006671575 41.25701434234216 65.61774306854599 99.7316549206273 47.41270429104858 64.47148408756404 15.8403670718965 20.406758631566674 53.43904039937133 6.448974565880706 31.188648230582523 31.402330363328314 65.92844372976386 78.35214888272985 58.11173647742348 63.80401525382767 8.492573419116722 
28.59334351266951 23.009941425475787 59.47553350291129 32.97430994713641 0.0 22.471114615957504 11.904056962954439 26.46289762280885 50.69557200389533 53.82078378176727 15.573789866263686 30.167304008310733 36.534242265641325 52.57249115434662 23.7420381316066 44.94295959101211 4.299462323415935 15.3418112703277 57.99881580530898 27.041754439186153 32.38537697945119 16.03331174750084 80.7626549945021 54.06879232335496 36.18929882291529 69.72580540265653 59.547886034588636 43.465206365221846 66.04272552462601 37.929879128203225 69.98273375265077 45.065558299408906 42.24534422472097 26.623653173397646 49.624741231450706 41.38730204677087 52.572489214893956 39.132008329933605 31.2156540353749 72.3228648292411 14.31331782817508 37.689000401356175 24.308253221685824 20.24672676058568 52.92987807008814 40.48000575307929 71.23215988352332 59.51792016958306 47.26014076920362 38.56553428810979 51.79653894641624 18.884987066260262 54.22753958424445 37.19330009107959 55.825099684737054 56.10238805174519 26.978787460100328 36.948386472341916 30.61521717544572 46.199508802692094 66.46623202357308 79.20381365223984 31.37840349006963 38.82944792380015 37.43044251251528 52.5100121890197 20.50745270048063 37.73060038884438 27.144701739557235 35.318944935170016 35.293444256461946 69.48527067329702 59.69188575618325 74.79462933735059 37.28388592947194 
22.633442590229105 19.452226770343735 44.78447148950474 36.287116713323464 22.471114615957504 0.0 34.224089031736995 18.723849904385307 55.51834581459658 45.5156869890827 10.142478149331856 8.219904814506805 45.359740789453866 36.86046315673685 27.934660146330447 36.71397039941137 18.278554739789747 10.870082858308452 47.0478721991869 23.219283586564394 31.028255320617774 8.542125407532756 62.22474677239398 38.27370753368742 46.191229748213686 54.60236794917976 47.6900238520392 59.78607945352001 43.58581669364125 29.444107610561886 50.90174393006576 35.25332570653637 60.65428043435628 44.97851962967788 41.70714271861948 32.570824457610804 30.32739559837607 45.64567424056118 10.21016323752415 54.03782948580551 36.74986148279637 48.461975444147114 46.67001150954904 38.67777648755141 43.92395156937755 42.666635963490364 58.63189809913052 39.03487120560684 30.732401396719066 46.84493732542 42.77208467820097 4.2061298334376165 62.4846343159856 20.302740276116726 40.819918898827346 37.92938442443922 45.97519812396002 52.35715511445059 24.300678973230756 26.049204741308802 44.13279422106522 63.77234913184659 11.456505442250503 29.181213919995024 48.17421640867639 56.17654489771061 34.21453686039519 37.55509297443921 8.915975297425701 17.6040467636793 34.985768416645655 47.924361557328346 37.58387716694914 54.46200017355499 35.335172850214995 
38.51887305805222 33.08941553631112 70.1191146746501 34.94329244668137 11.904056962954439 34.224089031736995 0.0 37.03773319562763 49.71455491392538 59.32641339421785 26.28362046887741 41.66747971679223 34.56062384349692 61.2662460782484 31.012233520186104 51.015917484214796 16.20349388056294 27.039254439653742 64.47124750629732 36.583977595299665 40.442070314956695 27.10815724777563 90.09731510555994 65.06695848754171 38.093853402873044 77.66333423101023 66.35411059382746 39.74112939939406 77.6897815519187 44.74996112178055 79.70925180825436 51.79361454947691 36.591237458193156 22.837653956378063 55.218754580003086 48.00556963713354 64.4376156224143 42.78898614036243 42.44588845030076 83.6865341512913 4.4334289117483605 38.89136150163982 12.446480736011738 17.95631132032171 58.8001314538642 46.19506353891169 81.08660623433363 70.02183934618958 58.52496179037321 41.26249504913201 57.74152388672062 30.75921033162172 50.94745996391066 47.01558936553035 64.11441238539612 67.56070673301383 18.04122930864154 34.65604558512924 37.54094045429763 56.77884508745013 77.95533355018814 89.79287864082414 43.258181659303574 48.865192008865144 34.03099665805625 52.05450529526444 22.958979908092576 40.828194451046144 37.9984249561689 45.494418286410884 42.61620470137405 81.38174092810901 71.02692660039882 85.0715286363632 41.318398692526415 
3.9173847237798904 4.462372719337443 33.11160183233086 52.410872729722314 26.46289762280885 18.723849904385307 37.03773319562763 0.0 71.71006740877075 64.23416769005982 24.911830859701777 24.350969289845278 59.59960578058244 54.64902458896708 13.366844959030047 55.39390655241898 22.954869132470428 12.874912818379975 65.66774796963934 5.13310319955063 12.6369174686771 23.384949169102413 77.59543563839081 28.101351976157034 31.20661966880587 72.16493600858486 66.19568808239742 48.0991365053146 51.199070029305155 48.06358770548665 66.12880147652282 53.97696490705886 50.99985723924164 37.0438986936117 60.40033081481232 51.251839325034524 35.615290791356124 28.84211594096834 27.174939351878383 47.097025768980544 37.42460600379009 33.70002218465436 48.26115204652458 32.07080019604546 62.647784575487556 24.480195656129023 44.86970769571021 53.22763446374667 22.00977921412189 30.805702197865003 61.49586528839543 16.39205456160463 77.39057193243885 38.42912651283536 58.73463463389132 31.40029754012613 53.44080915486455 40.55816115987623 42.44692048735644 41.64840796201516 53.10966478010024 52.82245165033921 14.997717155883812 12.590790567968977 61.54202143733647 72.78845548073883 24.50911820071824 54.841783015269215 27.513596161750648 35.629718283067994 16.582657635775092 48.59423859931861 48.24877594303725 68.12046429799162 53.00261951481423 
75.12428208406774 70.05496613880136 100.13773391862287 19.347659899894616 50.69557200389533 55.51834581459658 49.71455491392538 71.71006740877075 0.0 30.303376260024216 46.92643817377107 56.13546207617418 15.222488519937887 47.01466772239947 73.84782491953911 29.917804956892585 51.73970915981732 58.994505977416864 37.46068009973356 74.51358929897738 81.3867444210387 48.54405050851073 71.20015109549655 93.47360474469068 86.46029766640217 53.51606955521653 40.167502013575195 89.2325798444296 82.21752431782663 32.17048300131481 65.63178533694254 33.067745217459354 85.22906460326585 72.53465166249048 29.009610800329458 31.711945883020643 76.96224344425111 89.81759010463968 54.10785938128105 107.16883469742595 53.84399906784924 87.67891397392557 53.073472696093994 67.4943931230345 31.715238859807844 90.82970969621243 114.14211872819016 64.26632433863834 85.9169125795048 89.10311830617619 31.58959087943243 56.00705531389522 10.367064514081834 46.845422829339256 46.40578366138714 91.95719317404306 37.576039629233364 84.36971467642579 32.79640938878427 56.37297037118869 80.0156823367826 118.60121898832715 66.48097071221208 83.81597769450926 17.03384150886113 3.083392948867087 70.66257346883003 18.837108114949928 49.79156408264741 48.305467881855684 84.8230619313963 95.21582651919266 72.75497521231753 73.75285170167881 21.845559746117626 
68.13676483666367 64.50948206739315 84.94236220968148 26.61061116246366 53.82078378176727 45.5156869890827 59.32641339421785 64.23416769005982 30.303376260024216 0.0 41.77093419350405 41.6169084314958 35.53140685441813 19.052348258315813 71.66570075507805 9.091561295646235 52.37433931068832 53.91888740567132 7.2411544142600635 68.56813119163368 76.34197468892341 42.715495674991075 40.93572541373006 78.09169806309454 88.41402423149106 23.482101827919948 9.946391036788453 97.23273068673778 56.38904776080299 16.5383667193343 35.65695278043772 10.302144747175209 95.39247822494298 80.21471356666049 4.196345642213643 13.12597286989227 55.44856513044578 89.48368773471427 38.78681937692511 87.57201861267582 63.715224559835185 90.30821103266821 67.93048470784072 73.97769139822634 2.083137995379178 87.70095019227517 99.55810220678804 36.62936579880831 71.00995645439554 89.96673968780587 2.960151000515582 48.19633999230774 40.65689546588902 27.69390195577257 17.11487956240863 74.45219069578549 55.83782333856816 90.75937270083 23.46249291233445 32.903767960318916 53.46535524514175 101.06242086665765 53.394192672683964 74.03703511571491 39.77990775463661 28.238466724356456 73.60342475148322 20.193941897208294 36.89816649031012 30.31897550969062 80.26288948033154 72.01193079014917 46.91400991096565 43.915761583120315 18.513576200237893 
28.4996498101045 23.855731597255424 54.28892067041379 27.583529993937187 15.573789866263686 10.142478149331856 26.28362046887741 24.911830859701777 46.92643817377107 41.77093419350405 0.0 15.874435731590996 35.73403236548257 37.57261095126804 29.99313461153528 32.679980441151436 12.27200763925747 12.689470637928672 44.79027959411057 28.24262799857207 35.682308325682804 1.6948730781286165 65.319816579352 47.949788577598625 46.75933741417894 55.072796558408186 45.9794772164165 57.4923355732112 51.83894801607404 25.24180016822177 54.45072071707501 32.04992980111197 57.12617525001736 41.30243129560852 37.66463911715408 28.700380001069334 39.69238068587437 47.73563565534859 16.2545250661114 64.14471244132591 29.52659849508499 48.743509074235334 38.522544228987826 34.820143332786465 40.513709227649905 46.45746783380861 67.7666707376543 43.984990902952354 40.47160419317081 48.204510404221104 39.344087803904365 9.216046796439414 53.195343721743114 21.72356788582796 41.067121949858816 47.98737472976361 36.16273833991655 50.45263250505467 18.55849277814524 30.675316755943683 51.852932047499245 73.53840430915238 21.50565918565336 36.889606913043515 38.316567621373935 47.91009259462259 32.54910774292386 29.991027131488266 11.722779862904979 19.757971299205433 39.44651310195601 57.70242992824027 44.808737647311915 59.22936376088822 28.33026874249171 
28.192579546886584 26.135379359178227 44.57971794055713 37.59461240330236 30.167304008310733 8.219904814506805 41.66747971679223 24.350969289845278 56.13546207617418 41.6169084314958 15.874435731590996 0.0 47.890751741627206 30.309556433553556 35.23923396029612 33.40164403507516 26.108962227861078 18.960352982945235 42.0245472212361 29.31271612860416 36.98686759586918 14.712023518824134 54.36661580435487 37.76899044522482 53.688210985453615 47.824883314416326 42.28665383720532 67.86256586457999 36.06181305784917 26.753807666858712 42.974814545774905 31.369052174297455 68.85318432958859 53.19471132636169 38.17610071428284 29.373185529303942 24.02964089374311 52.59041083240806 2.9072334392934978 51.240417024722724 44.47827000732137 56.02584645286478 54.06270352741578 46.89763141934643 39.822347322244056 48.82276116800957 58.9987062584739 30.879525700385287 30.314711873555485 54.064851481406286 38.72408806713085 12.417050756492376 64.08593880932266 14.40010266059631 34.412223064756276 35.82175110115635 51.859751909038174 60.396046943743784 23.45935188544687 18.07755959744563 36.31085596801066 62.519083947185635 11.777854737195394 32.59134451907673 51.207239209687614 56.34647222887831 42.305305210950685 37.44757865942358 6.40645187593643 11.594103436775743 40.933002453861306 42.3723054482739 29.554779454427102 46.292708086684215 34.75396505737956 
62.72457151313589 57.392451544172744 90.0054917594083 11.619495769324551 36.534242265641325 45.359740789453866 34.56062384349692 59.59960578058244 15.222488519937887 35.53140685441813 35.73403236548257 47.890751741627206 0.0 47.64028783702906 60.13423312177209 31.03496778407042 38.16132247286614 46.72471232428292 42.55453569754083 61.81106884007232 68.22312527392472 37.426385450698284 75.15257007145865 83.59771736287625 71.73306699524278 58.615906628671894 45.150064744868814 74.01243064671077 78.72810624442681 29.596005248565145 67.57923884648896 33.652487244931464 70.03599024557325 57.351842364527485 32.5915570256914 30.82629016728331 70.80986203717346 75.42477322236309 46.45501407962002 98.94372749737606 38.64587299249021 72.84878442122897 38.105151178868994 52.41891695503791 36.163549976398 76.99434903389277 103.46762120424727 63.185897246824 76.07551867096453 74.51439740339877 35.556246894418564 44.93462669089749 17.86997106208186 42.10057724778298 48.36499252830481 83.09286079111872 23.022837394205837 69.21104255891127 26.72765030515079 52.83484780532127 77.20561357926753 109.13056014413374 56.77330559460556 72.05680237358636 4.383016628479045 17.77527562891382 55.983504415814295 16.37836602962156 41.53377311765405 42.7291952200032 71.44949501402938 89.40611330946848 69.69193470929372 75.11473644906444 19.316032617313738 
58.5010827165997 56.154369647722795 69.519071235155 36.40079705520631 52.57249115434662 36.86046315673685 61.2662460782484 54.64902458896708 47.01466772239947 19.052348258315813 37.57261095126804 30.309556433553556 47.64028783702906 0.0 64.78374771758494 17.24336182000265 49.77367035885015 47.2408879028878 14.974460373514756 59.561249484784554 67.27832016374721 37.78093600431722 29.126680360585524 62.807796463008415 82.90365921193643 17.76555263116795 13.912793338987605 95.01981253733717 37.3623442020831 18.608512734527253 20.061857438918395 14.231187222998141 94.64756072379218 78.847730872212 18.443321943508376 16.821318738110346 37.8687438409469 82.4949616622363 27.474510654150457 70.0416071987831 65.26319295775359 85.10662237832348 72.08630746383987 72.36768663004182 17.02312834198769 79.09879840419012 84.05304231223137 17.665144165258734 56.302416110614494 83.68971624127204 16.5644607674325 40.60639201531075 57.23849621445573 16.590747454942054 4.163818090455729 58.189322722245656 63.329601381712294 87.88277863592162 24.539925460780413 15.787697164052767 34.41438121570969 84.17242222554394 41.24814494929383 62.20360698316151 52.00469316854606 45.53580723715569 69.79590296114718 31.37047500731673 28.143122288401095 19.256683463252088 71.23082105319712 53.41923502498646 27.92843285909394 27.48207067062568 28.32881944150895 
11.633256410031684 9.626655895633625 41.93586857047735 55.25927069467808 23.7420381316066 27.934660146330447 31.012233520186104 13.366844959030047 73.84782491953911 71.66570075507805 29.99313461153528 35.23923396029612 60.13423312177209 64.78374771758494 0.0 62.589648930836276 22.10988055585812 17.864479689875985 74.18425234099101 9.1232139655686 9.526116662174566 28.95665741932819 89.49774457298781 38.344783377683065 18.494561014434304 82.53422664396454 75.09015153999314 34.732465426765636 64.54142453851225 55.130969963693445 78.0560695817119 61.73519723804964 37.79685802726918 24.63737064432592 67.59835551895709 58.54784473719352 48.97873977219709 17.89120305097666 37.790925707499845 57.778459449981334 29.88882144453863 20.892682562190384 40.189160776566915 20.668380725422455 70.32186497830625 16.99497670585211 51.044673141802264 65.48061453933872 33.5918515566442 18.910323571162127 69.15096081476122 24.23702173709892 77.9110338899126 48.20337156180036 68.71271600272819 43.02963785098263 48.89302260316243 27.192810241523024 48.55004629528004 53.22648427881873 66.37614176818258 60.96472262918949 27.836943031388678 20.365147771483013 61.16813744343303 75.42422258250882 12.264664948339691 59.007014686788736 36.68406953416812 45.53251791249466 11.702747406885022 61.50577073908285 61.287097536063136 80.6373650188044 57.80841360331141 
59.282686535871726 55.53556957924748 77.44436849827747 20.476923453772848 44.94295959101211 36.71397039941137 51.015917484214796 55.39390655241898 29.917804956892585 9.091561295646235 32.679980441151436 33.40164403507516 31.03496778407042 17.24336182000265 62.589648930836276 0.0 43.364415908590196 44.869163288858225 13.48424273802564 59.64025202284002 67.39359119672618 33.63487987585854 44.15788062197246 70.58351063460937 79.33227128782308 28.25718726421873 15.56212522805152 88.40028426827485 52.77013843932996 7.460021140097273 36.73592204446851 3.1724004926677627 86.75796449504566 71.44464316407404 5.02882356507643 4.143222054811913 49.583860407917896 80.39811283807404 30.66293995416205 81.29841092567766 55.35604000128128 81.23652350580537 60.24665217994169 65.15483326712679 7.99002569406414 78.68927872998029 92.01498350570904 34.35095334458782 63.33191094026861 80.87529094154105 6.853770063094571 39.24341258686851 40.05690538369933 20.201051802000848 17.384472834126676 67.44692632423975 49.1944796068049 81.84201478762768 14.42670247362087 27.55330962141673 50.33368043418833 94.24679516177768 45.141570472508526 65.5129200617693 35.41682192882656 28.65523067763159 64.57722917535476 14.669759454679758 28.281260727620367 22.572891899598446 71.30107247773098 67.04761434139586 43.23647312168905 44.53576253959754 11.993028967122394 
25.417124080613362 19.85936234658281 55.747858037810765 33.31379760522967 4.299462323415935 18.278554739789747 16.20349388056294 22.954869132470428 51.73970915981732 52.37433931068832 12.27200763925747 26.108962227861078 38.16132247286614 49.77367035885015 22.10988055585812 43.364415908590196 0.0 11.218527384694676 56.11593500225136 24.103912822699147 30.09399772395818 12.427070109881 77.57611710959769 50.19045599505817 36.42781590464079 67.16176902610378 57.51429666793297 45.491284885675 61.86430378045487 36.13638787488894 66.65486295996503 43.203828117555126 44.879234188435355 29.074620110168635 48.18754864242113 39.62530978964976 48.29351496459475 38.61927651707026 27.307931396213263 68.2580510665194 18.474110652014737 38.151973297988036 28.600169408685254 22.596119787717686 51.34215615331522 39.09079010719554 67.82396536859616 55.87178097397091 43.26902647551218 38.44323795083465 50.18941533572962 14.610298848671183 56.00555989713119 33.98653529504391 53.1836489402584 52.0076570123099 30.71384830744176 38.63855722376143 28.938104024211956 42.56044730430094 62.36016439896715 75.46692136130278 27.09149275395229 35.47850726176724 39.49187382025692 53.347540961003936 21.23746381960039 37.505573460006865 23.485920969339446 31.95013707697282 33.289519419666256 65.18855612579976 55.662566827880475 71.21732999022642 36.694395916222874 
16.13304646619368 11.20012150965811 44.817357584961094 39.76723937331811 15.3418112703277 10.870082858308452 27.039254439653742 12.874912818379975 58.994505977416864 53.91888740567132 12.689470637928672 18.960352982945235 46.72471232428292 47.2408879028878 17.864479689875985 44.869163288858225 11.218527384694676 0.0 56.32025415581537 15.62801936178841 22.99318699656263 11.40044093019733 73.08657099511902 39.088311941087554 35.66878470520317 65.00508217872554 57.234756529984736 48.92462554753624 52.862643265291595 37.41191907055238 61.771377245149345 43.913425769784546 49.9516326692171 34.400977645853516 49.89227202386598 40.79292590668917 38.43714498947666 35.75567109663857 21.080210804903786 57.03967098302859 28.603502873249802 37.86670135373814 39.202855458937904 28.235376111434373 52.528516405711834 33.88350458700356 57.35795427853902 49.83959770839948 32.079366846594326 36.61544551610638 51.358466817664215 6.745844915150085 64.52098004064136 30.662038109259324 51.088180606943304 40.79076624587308 41.846010052424475 41.48768511476402 31.07953172630317 36.91557671360491 53.84686271543633 64.49484525166282 16.480814725621286 25.385395473205715 48.699758489091195 60.17334851678786 23.35590706130662 42.60125593188489 19.110600983627315 28.09048363019282 26.763983677377794 54.573546877214625 47.692489915079165 65.25179766601505 41.01342908683425 
69.5844068511483 66.42198465188186 83.75253895737374 33.11253627277453 57.99881580530898 47.0478721991869 64.47124750629732 65.66774796963934 37.46068009973356 7.2411544142600635 44.79027959411057 42.0245472212361 42.55453569754083 14.974460373514756 74.18425234099101 13.48424273802564 56.11593500225136 56.32025415581537 0.0 70.26690087527771 78.07588571630808 45.5108644582373 33.74081190442652 76.96227435404676 91.52143050897251 16.2464407838818 2.7112199945032587 101.44479160842684 51.88114154951057 20.070019585315976 29.02375021679222 12.93521166776539 100.02860997397357 84.59511575027359 10.088873269134908 16.631737025610846 52.75608838075283 92.07499280726253 39.121163769824214 84.95854509428291 68.79573082407877 93.53046704804873 73.69815513498473 78.24538261036663 6.4030716877780485 89.67930802982724 98.35133199740449 31.652529143264754 70.1705488926171 92.8151521166753 7.152240380449158 50.17547177078423 47.79351373807944 27.63892982806396 11.869980376925632 72.72482111029927 62.24556880839112 94.73914129391207 27.39732023398799 30.377180117618753 48.67334757725029 98.95271069322462 53.646480912409565 74.60387404900871 46.84360701723494 35.30314129121611 77.18542498457036 26.814323456901608 38.16700710191555 30.43353821259973 82.03358921035026 68.33524785863756 42.60472394904193 37.34517881471968 24.74194689497707 
2.518807790190746 4.458697075023232 34.00480942382445 55.35148637588665 27.041754439186153 23.219283586564394 36.583977595299665 5.13310319955063 74.51358929897738 68.56813119163368 28.24262799857207 29.31271612860416 61.81106884007232 59.561249484784554 9.1232139655686 59.64025202284002 24.103912822699147 15.62801936178841 70.26690087527771 0.0 7.8089906730588465 26.84235353950436 82.72616660642906 29.80269544380992 26.24832295082096 77.13619150749207 70.87992949146637 43.59646464482288 55.942435077526554 52.24525764141852 71.25927789923304 58.363669343512065 46.89656312564017 33.61412593308371 64.66363856500345 55.50885204517828 40.29437481365703 23.709976112881392 32.099286557639346 49.167531064985525 36.36019861610855 28.757753156542364 47.07559755045239 29.18930961667612 67.03876759831185 19.544424653728356 44.51230206474068 58.359784244588056 24.60958194094377 25.714336033445765 65.87910091017872 20.402533651987273 79.67442559204464 43.23137625427995 63.624755735634366 34.07407107875416 53.74414421711817 36.11309314424334 46.323795465871065 46.748785817915994 57.97144102275165 53.473804982455164 20.114674724625505 12.383061781703926 63.448077171485046 75.75654523340414 21.099648225358976 58.21351334982578 32.11162845455802 40.44803363613559 11.768688402780914 52.38747142141479 53.26162777910968 73.23534435760246 56.559956219299366 
8.86502489669413 11.896245328310227 33.381328830067105 62.39095213663571 32.38537697945119 31.028255320617774 40.442070314956695 12.6369174686771 81.3867444210387 76.34197468892341 35.682308325682804 36.98686759586918 68.22312527392472 67.27832016374721 9.526116662174566 67.39359119672618 30.09399772395818 22.99318699656263 78.07588571630808 7.8089906730588465 0.0 34.354943238931874 89.92595042350749 30.622541778967783 21.088319153111918 84.80144438231551 78.6836497263376 39.73183367293849 61.53936702405762 59.98327785615232 78.47106604599966 66.15182757120813 44.071267198128226 32.718883592040726 72.41975033911146 63.267283117371086 45.86784987513693 17.099121604978638 39.80406437444634 49.92649334883556 39.41324502772617 23.59688285944346 49.692983993211314 29.607207401905107 74.82577331674769 11.849287244606641 41.658588621763236 65.43849433426382 27.10967084360088 19.680347575848664 73.66477168029466 28.15122340016577 86.08300277890757 51.00354490830182 71.3571032085857 36.21212712692482 58.21908701552003 32.587108815708156 53.952437831522204 54.17708509932383 63.8731585158213 51.93946002602272 27.18868495214742 12.700275478464134 69.56798856048874 82.75716162294289 21.04032153117006 65.5411430249884 39.91920604136382 48.213392950319026 3.964914075972318 56.02873077525795 59.66057243697845 80.08389853597417 64.00449544683444 
27.01854285905003 22.489650150227476 52.594259344946856 29.197047766181964 16.03331174750084 8.542125407532756 27.10815724777563 23.384949169102413 48.54405050851073 42.715495674991075 1.6948730781286165 14.712023518824134 37.426385450698284 37.78093600431722 28.95665741932819 33.63487987585854 12.427070109881 11.40044093019733 45.5108644582373 26.84235353950436 34.354943238931874 0.0 65.20937209873766 46.25604767511875 46.01393263254156 55.38163755492092 46.61663207000219 57.24021198859642 50.75961546729187 26.177856642334913 54.2410802006588 32.86862953582871 57.09431052378928 41.25555274333249 38.6417523468022 29.606898583387846 38.355314596059735 46.77160862154524 15.338245035508123 62.495643384450105 30.183271309747035 48.04771148307042 39.43669336003841 34.77970799279834 41.402087381975676 45.26495691213209 66.08211254180132 43.50306265358648 38.780053751060535 47.34584307250403 40.2311660420729 7.536285591605789 54.87344949601226 21.66932667532549 41.36853157157032 46.32480613361069 37.57743639653251 50.11687256382912 19.689601516071217 30.18417041899419 50.880812744639734 71.84595132682036 19.850401469905854 35.27710483728016 40.010147162171606 49.494011803676344 32.098575662416536 31.466063566689677 11.114105984967827 19.545639688949308 38.15387844491918 56.26565393965651 43.918775964490315 58.816906918845305 29.72209390663845 
81.11480311450067 80.13612499932736 82.28156689039433 64.5233195780869 80.7626549945021 62.22474677239398 90.09731510555994 77.59543563839081 71.20015109549655 40.93572541373006 65.319816579352 54.36661580435487 75.15257007145865 29.126680360585524 89.49774457298781 44.15788062197246 77.57611710959769 73.08657099511902 33.74081190442652 82.72616660642906 89.92595042350749 65.20937209873766 0.0 76.5042342084587 107.98725273240426 17.94780302629734 31.0328059419408 121.91738115476326 38.22892410232556 47.43497426288163 11.467374195968667 41.77120194817489 122.25559458982869 106.42037851120688 42.91656928238382 45.0990685826122 48.95759000149066 106.41235373760618 52.02745318800983 76.41993668658567 93.97352556971151 110.35334889342109 101.14573146067548 99.95870707285705 39.70484552846881 101.64078621275394 95.56113531546305 24.592142152490215 71.90023093843391 108.16006541996798 40.04859740692021 66.35433164355905 81.52408178753842 43.59707579915046 27.16169147321299 69.96976305942117 92.32301376029552 114.54389996151797 53.661456959363875 36.29585190827343 34.15757117875366 91.75924216699379 62.73869257430527 81.94845478811112 79.52719948974072 68.99814879865345 96.36834175494043 58.82061435076289 54.493285408253435 45.676669090695526 93.70091402526509 56.20055250328097 33.34380199280469 12.817274726686534 56.10207816889904 
27.41891161488523 32.31478505438019 6.8612455694688474 74.42563415789061 54.06879232335496 38.27370753368742 65.06695848754171 28.101351976157034 93.47360474469068 78.09169806309454 47.949788577598625 37.76899044522482 83.59771736287625 62.807796463008415 38.344783377683065 70.58351063460937 50.19045599505817 39.088311941087554 76.96227435404676 29.80269544380992 30.622541778967783 46.25604767511875 76.5042342084587 0.0 50.91766563568985 77.64371885369287 76.50142556873033 70.00529090986912 40.47512139751747 64.35990445643556 65.97730343196588 68.19115310550357 74.66587694571133 62.90025468597883 75.08216047704715 66.71827675802945 27.577337283429024 45.32712556797864 40.22511904791561 19.435019964235984 65.5214620230998 53.3074176863612 76.35322656255242 58.911453638192434 76.13647512560698 37.36223869397015 21.466525770241095 53.068297760159815 7.561429581314638 48.61821105626382 75.13331024393423 38.87322488378613 100.7418533048062 50.485098724504255 66.83844154400849 7.484793467304199 80.90124164982022 63.0743620898606 61.127475367529904 47.04919828321606 44.02587251143815 25.60834472017876 27.014006707724914 18.082214478052677 86.26618370722994 93.8916095972211 50.607954578695065 75.02216013253482 43.88404180687664 48.01400422282415 32.00525378993868 28.52923087534186 43.166071747399954 64.43961949347404 72.44300609746873 
28.426768821799268 27.99894055426095 52.50283440141374 69.16267035507855 36.18929882291529 46.191229748213686 38.093853402873044 31.20661966880587 86.46029766640217 88.41402423149106 46.75933741417894 53.688210985453615 71.73306699524278 82.90365921193643 18.494561014434304 79.33227128782308 36.42781590464079 35.66878470520317 91.52143050897251 26.24832295082096 21.088319153111918 46.01393263254156 107.98725273240426 50.91766563568985 0.0 100.66909240295605 92.61505856597746 19.180964782059398 82.12107166503918 71.94102155928432 96.54859589509222 78.80842659889362 24.737973759748343 19.26321005301586 84.26244138276635 75.41876658713612 66.44512279792484 7.053393261542903 56.18869525779161 69.74757451961717 34.95590716308943 2.526764422410356 42.35696599033726 20.742374834205435 87.23094213955567 14.935910142863738 57.46214081286529 83.9615965236678 48.10680706960226 3.8321455438346974 86.06386760773744 42.30931956311424 88.79893454759824 66.3170779264585 86.75627814915663 57.01436240404895 55.45214377996372 12.929489250284885 64.98076697121189 71.70712883029351 84.21359009460123 69.26065482216534 46.09403932414923 33.569695982950066 71.79281607077871 88.45096961433877 15.803251528032522 73.80174681271774 54.76216454819854 63.70924592635977 18.94253485219464 77.10333599583645 79.45414753158407 99.079626204532 73.11111152272922 
75.9787766521327 73.82718533632793 84.0985448757316 48.66239619584166 69.72580540265653 54.60236794917976 77.66333423101023 72.16493600858486 53.51606955521653 23.482101827919948 55.072796558408186 47.824883314416326 58.615906628671894 17.76555263116795 82.53422664396454 28.25718726421873 67.16176902610378 65.00508217872554 16.2464407838818 77.13619150749207 84.80144438231551 55.38163755492092 17.94780302629734 77.64371885369287 100.66909240295605 0.0 13.560479558913732 112.56488026422412 45.20586426341121 33.13384864026565 16.789811256950696 26.486846242497577 111.94544308173094 96.20547452470042 26.02580550591269 30.184299352084416 50.8720075356716 100.21242017268418 45.04714812601549 81.92158682152444 81.82194788075786 102.86958493919178 87.79899876114563 89.73956418327421 22.5238163587786 96.6436504553665 98.32354812187037 25.67580895722686 71.73768346358642 101.44295783450106 23.065145179334912 58.37084110632841 63.78898208311812 34.35520157861015 14.013142912277408 72.1746316289419 77.41771286968377 105.49537566237545 40.15883156124866 31.475682616064667 41.37290928099286 96.81338687046804 58.31906376470509 79.04816289614622 62.94093289761544 51.21813041604773 87.45929229374188 42.57064755928558 45.908554622784514 37.00183367348087 88.73903641246137 63.139100644010746 37.23721220500519 24.604237659495517 40.1741936990955 
70.10638296491287 67.12431958347075 83.25510454288764 35.53603436363042 59.547886034588636 47.6900238520392 66.35411059382746 66.19568808239742 40.167502013575195 9.946391036788453 45.9794772164165 42.28665383720532 45.150064744868814 13.912793338987605 75.09015153999314 15.56212522805152 57.51429666793297 57.234756529984736 2.7112199945032587 70.87992949146637 78.6836497263376 46.61663207000219 31.0328059419408 76.50142556873033 92.61505856597746 13.560479558913732 0.0 102.93821074728027 50.185169884054645 21.711306854991907 26.52752257930587 14.585719166359805 101.68181009980484 86.16891435019163 12.594460355124212 18.361704112937687 51.77096044285451 92.97638488439956 39.37974254579957 83.9204776984873 70.64833790063105 94.664081608854 75.79723923005386 79.78626209992045 8.992113970435536 90.35665724078098 97.8244018951224 29.858820449442614 69.83585317026615 93.81095467976209 9.627461699160397 50.963383452555426 50.49675421074753 27.894897808198674 10.343598768817715 72.04724680985515 64.59331570904115 96.15264426092287 29.04003721563776 29.624057185582217 46.87430615703676 98.08519485824418 53.78132851469481 74.78560173106598 49.45346531295048 37.99637843086048 78.47621890091652 29.29389229439127 38.7772910100607 30.708262957498658 82.64707174111842 66.92186458317188 41.02389029175198 34.85830839777736 27.112082430428433 
46.00377759942609 44.19483917671843 71.68253369488154 74.45019428622999 43.465206365221846 59.78607945352001 39.74112939939406 48.0991365053146 89.2325798444296 97.23273068673778 57.4923355732112 67.86256586457999 74.01243064671077 95.01981253733717 34.732465426765636 88.40028426827485 45.491284885675 48.92462554753624 101.44479160842684 43.59646464482288 39.73183367293849 57.24021198859642 121.91738115476326 70.00529090986912 19.180964782059398 112.56488026422412 102.93821074728027 0.0 99.2479729254913 81.38275038511709 110.65865561383623 88.50959734454702 7.469174404811172 17.14285972415065 93.04012056447125 84.84708957533006 83.7094295875753 25.604163325647782 69.99167017792495 88.91931925153233 35.45785294554462 16.947145720895566 38.01509624026457 23.255071354550168 96.38341012079184 33.852399811562194 76.14144962763595 98.72955958211065 66.83330260986452 22.06810108105436 95.2539708595565 55.61198613583347 89.34753720985637 78.781601060258 98.55910993388733 75.91894333630401 53.588812839697255 7.576434408667031 74.07725926133608 85.83506308008256 100.98623768858572 88.18137833432748 62.264416045631535 52.40189157697076 72.92701523120869 91.67682683526486 25.57168394284761 80.0436291093935 67.49486515730219 76.44217313355456 38.000835493285706 95.61058302971155 95.61684984076442 114.11367019526243 80.10947352394686 
53.69846628190199 55.06099947419317 45.41717980921686 67.20109972819355 66.04272552462601 43.58581669364125 77.6897815519187 51.199070029305155 82.21752431782663 56.38904776080299 51.83894801607404 36.06181305784917 78.72810624442681 37.3623442020831 64.54142453851225 52.77013843932996 61.86430378045487 52.862643265291595 51.88114154951057 55.942435077526554 61.53936702405762 50.75961546729187 38.22892410232556 40.47512139751747 82.12107166503918 45.20586426341121 50.185169884054645 99.2479729254913 0.0 50.25052253239322 29.662437024195526 49.613575336418506 101.67432949418628 86.73410520674584 55.302855338506106 50.51647906301921 15.684439813900289 78.61951826146317 35.67460239433663 38.195542520545956 80.33483859488561 84.64303924035913 90.10706989076331 80.85864485981156 54.33821824574235 72.13130563092442 57.85395201376066 20.370067630024735 37.700478933221696 81.1730617688715 53.790670161254816 47.40001814437323 91.90654477524383 36.632963394112295 40.011163806166174 33.28555577762018 87.21643179574906 91.68441080575005 52.01004576298487 26.032982882468424 4.081211633627003 53.53046695690948 37.256251251872854 50.68323370837855 82.72115942192661 81.27798822508885 74.68428686136056 64.23346821450704 40.65051645284475 36.26518001771637 64.70943573648701 18.20629408838243 9.544447173703096 25.460072734206634 61.002792307061945 
