60
0.0 79.52614879784112 39.02624612640815 32.455103314593345 75.90312514640952 23.077934342425007 42.018094045901954 52.96897772020773 57.42666516101015 50.52367820544187 56.42685717692266 86.6554001355006 31.206630085370545 86.66189134951055 71.6957590802018 96.14952309808547 47.033585429245065 52.6624547730849 83.86011322219656 41.65547771030501 64.63509116737596 33.8558542482441 36.98080108445387 109.88020663960361 21.375673122618803 6.7345726865939355 31.529153114625533 47.644909480479285 58.407945073273446 36.537375454884966 26.590714302749856 88.64129187559041 16.40735141755612 67.26949238238613 71.20183937561661 64.09921782020493 62.0338839211102 57.54024690599796 23.69869169592838 84.45199388244787 12.404031608583256 42.07292952521883 42.31915281647263 71.1259771794857 70.74250703918159 68.30596031908905 87.12362474539418 8.008242967314171 57.00412306538488 89.73336423901132 40.0399699837385 25.646026648150713 95.14741205163487 23.236071392920213 37.00246284789758 10.493907076874638 94.15570277936291 89.72978605931783 47.42721304424112 68.43991079414256 
79.52614879784112 0.0 41.1904588429512 56.30144935788975 46.10253551753984 97.99757282757461 38.96982689193428 33.41817538297504 44.97681345657783 47.67817952349373 58.343860169308314 24.81714227324402 53.08847518198923 68.79550617930427 63.722592684970905 28.472080823393146 44.716838547503336 42.65668278146658 40.6620425958479 38.56475584698394 46.72865854603897 52.364811173137795 85.965476484132 30.41499051750577 77.32413179650584 78.14566757185779 63.99957846088452 41.013398660880824 23.61484485365945 87.09633646858546 76.91174360287124 13.839436594247323 88.39061021200685 17.381825217586847 10.017936401443347 58.17955645619096 17.771136751219945 55.08480499578492 91.73259734398917 35.19321666653308 67.98563182528446 75.60154711306903 49.809716556619655 47.443561300385305 49.9315156046091 45.71593837704761 59.82166446497162 81.07587690849573 24.330232056750848 24.18598078551408 63.01893844386134 84.65215195067293 18.61621249169399 57.68900356128495 42.69892356592047 72.23482837728255 17.472356055090266 69.36659011157373 35.55448457106264 16.940348837379254 
39.02624612640815 41.1904588429512 0.0 26.973416436052474 53.77021367080512 59.59822487651242 3.573083926354138 16.1366757075055 28.12509315681239 34.156278658999604 46.614454932313755 48.44528684733935 13.318594127276187 72.7365490927082 60.29408401421151 62.09356260611515 17.785927044394402 21.989517258661717 57.330297865331204 10.839470375038184 45.32528317993078 14.136023554885494 55.96034214664544 71.24802683141979 42.5195411352317 37.04000213854454 34.6946676165008 15.058891834541782 19.40590332074371 56.61984009881679 44.2344204698461 49.6191199978142 50.37322750165669 32.21571264020923 32.33496167202293 41.45016661412906 23.432151707373034 34.721795191896234 55.2769148894198 55.518340428965125 27.02135807960162 50.48987308506793 18.194969220197667 50.81149512956359 51.872919991472195 38.07300975044259 68.53120574075321 41.954885129199596 17.97809776229625 51.24631851794581 39.13899805285766 50.390056845048875 58.163838967892474 20.35269355060479 3.1539196786166324 31.082387949680694 57.09106827382924 74.9861921352605 9.741435212471663 33.43323005611215 
32.455103314593345 56.30144935788975 26.973416436052474 0.0 43.45646409722996 43.86305259436523 30.340309384868917 42.521156258099296 54.96318160171255 18.074624979420708 25.521433376488748 71.33518813904993 32.28065355028055 55.57650122706624 40.9918075513497 66.64159548758516 44.16643748052116 48.84120551084518 51.76888753309089 20.106773083006455 32.18342273371844 35.14997491808334 30.526696079077933 86.01907560408871 21.502394828535767 35.44923578037565 8.190757053992801 41.92877997377556 41.84482996891908 31.467129307220333 20.61031598329066 68.3306093208005 34.39097134732108 40.55870255618051 50.63683948652991 67.51763054663752 41.55212186557172 60.554040378888935 36.18156263748415 52.9303242237958 27.34378718065509 23.526855200821373 42.89954635112291 38.67630655272045 38.36184246417973 65.04641314015987 54.98643989282726 29.681895310506725 40.08856369226749 73.38724873260969 12.676553773831548 28.44192170456436 68.48570961825017 12.766282379559941 23.846542497429354 32.07511310466839 67.65201829366887 58.47216472252514 36.21426501904595 41.539821231871876 
75.90312514640952 46.10253551753984 53.77021367080512 43.45646409722996 0.0 84.51768934946499 54.852594387558575 60.49503433767801 76.21069123087719 25.381909881974494 24.29079044895882 70.49063522449323 66.0308583773005 22.83583633004069 19.84095994353614 34.97580479409097 69.19334598325808 70.98915170539289 11.280089476798373 43.241159524038196 11.431751411398649 67.62797909742345 61.01596512029563 65.34478694436059 61.68092189037631 78.48284202863094 46.319297767620505 65.29411680369063 52.15362019146135 62.48389057232377 58.21787823596268 59.526424764000694 75.8037090254135 31.811725112490247 48.88634614050763 91.06508333072462 45.665423274417634 85.40053406968096 75.28979653723984 16.198244147401542 69.3826890616197 47.79877633520747 71.42533932819876 5.2844552122950885 7.128029493927151 82.33429319785273 15.319630910224058 72.74057839429274 51.03830908666926 70.24531414663784 39.46603108682315 66.07577611058113 45.053109227934705 54.19765945324887 52.28613696202114 74.36137333827783 44.89531876603761 23.8388270916309 57.09392889693878 31.420615277497685 
23.077934342425007 97.99757282757461 59.59822487651242 43.86305259436523 84.51768934946499 0.0 62.92318012969689 74.69270720602927 80.34958291294376 60.31311480116486 61.444929870869686 107.99896865894061 53.764398140393745 89.59025798128458 74.9060674439946 110.50105851667833 69.74544745129033 75.39507690148103 94.20537589158432 59.445569682670794 73.16853369922946 56.58218086614159 28.893748361093333 128.33370518826277 22.97109086047631 28.89566591704203 38.55772558858437 70.01057632363256 78.82576724750446 27.655913202326936 26.393794217157623 108.46037009513653 9.635686821935113 83.67889612928252 90.64193295340723 87.12000021624256 81.27641326562643 80.60514066337392 9.947617444986705 96.14190299516916 34.90245559052981 40.188790136923245 65.23693446275972 79.30388480659104 78.19518290807774 91.2706241341164 92.68581781137968 17.719527336456288 77.26852979617307 110.84437885637617 45.100539130324265 19.128217753081604 111.85166637312837 40.418221424359395 57.07116548417525 33.568881493741195 110.95963960673869 92.85155509525674 68.75947503945535 84.74759023667599 
42.018094045901954 38.96982689193428 3.573083926354138 30.340309384868917 54.852594387558575 62.92318012969689 0.0 12.564589327527848 25.05411593102231 36.44163525151749 49.10511320077494 45.077331842659255 14.36457304741554 74.45391254540607 62.4007868693779 61.06220443089473 15.217205160087358 18.940892544221374 57.7370263718405 12.914215679477804 46.93511036837542 14.395788129844675 59.51089516174669 68.7534243469532 46.08225713506367 39.67751791131307 38.14713141530307 12.065760491205278 16.4482246324942 60.17865992365095 47.80543395523674 46.76224680743398 53.76063701005662 31.368791926634053 29.786784061756556 38.77670005091369 21.226428778378313 32.20304264276434 58.76198931832671 55.56339969508122 29.844901240206056 53.867156034299974 16.580868931820962 52.17760634293121 53.38648774909931 34.75401201239482 69.81664028376079 45.242889646007896 15.15673862666477 47.949622623976815 42.351652437058746 53.95285287634784 56.38260766614965 23.908298454155563 6.6789255481966485 33.66906147775527 55.2898025140395 76.60056664735633 6.1687596887559675 32.56923940340403 
52.96897772020773 33.41817538297504 16.1366757075055 42.521156258099296 60.49503433767801 74.69270720602927 12.564589327527848 0.0 15.724402100963244 46.001317565196075 58.95059602327737 33.73421461469306 22.406312690847454 81.71973048471675 70.98271325945366 59.36751930053818 11.341694353390999 10.757266423305992 61.14956835230652 23.43491597577886 54.36387053856294 20.652854708837758 72.04047947595319 61.1213324543597 58.59753505086903 49.70851157136079 50.4804023473811 7.615689886081295 10.356491228526444 72.72459646124169 60.36984612151067 37.96064156172687 65.74022161509012 31.90926779324102 23.413265273668998 30.57020625720631 17.855772325684473 25.12547221240581 71.02335915143814 57.8358291494655 40.57312899515153 65.9907591491618 16.430935075944927 58.75216092244276 60.373471963658474 23.491652259393465 75.80011449910509 56.97387682871568 10.519290806615155 36.94916325239151 54.117284669356806 66.46637688793493 51.94149764251621 36.41551646535947 19.227549333488636 43.70480290362207 50.80131265403531 83.52310814974305 6.408514134356263 32.93269044216903 
57.42666516101015 44.97681345657783 28.12509315681239 54.96318160171255 76.21069123087719 80.34958291294376 25.05411593102231 15.724402100963244 0.0 60.96918774824029 73.82408487870518 36.07064342123587 26.908615501328782 97.39930801610159 86.3954477253884 72.67103130708676 11.199930750199657 6.135698797836236 76.56403549620364 37.67761607140567 69.9836776822563 23.896686500304877 82.68776050573884 68.77293502682785 67.79588471672463 52.6229740455984 62.410759783586805 13.06682096677864 24.89469014359338 83.1654806206995 70.48853938405699 45.284941027913455 72.27646819953863 46.96672427046565 35.305955326335024 14.863961696406854 32.36817572618146 10.165811908296357 78.47434532131736 72.97462285307472 45.48312131473311 78.38625324713232 15.114345274495626 74.46328709135294 76.05740229665321 10.97137753060587 91.51956421644117 63.07005752777278 25.605530147865476 39.90636630509655 67.25646658393309 75.4882127358469 63.44267463693919 46.29631810436786 31.18104077654251 47.10877019549259 62.30557988606639 99.23142464018144 20.2256985998353 47.90368391901277 
50.52367820544187 47.67817952349373 34.156278658999604 18.074624979420708 25.381909881974494 60.31311480116486 36.44163525151749 46.001317565196075 60.96918774824029 0.0 12.962341327293446 67.63805953257489 44.28518397927248 39.54555690014047 26.226812077135907 51.39598305511348 51.65844724879966 55.01676693302058 34.04188283885667 23.527679590826626 14.166363589031256 46.50512793810041 40.450034079956815 75.06010171512361 37.34603253909981 53.25930184485988 21.75741252807468 48.353659617466086 41.13549712850785 41.78152352511279 34.64556359198225 61.13558069177915 51.217315425498036 30.344069996027194 45.048929069164934 75.15358524672162 37.60474823327918 68.6435649372803 51.626241977464566 35.85546385875525 44.48968558851994 28.57643475107691 52.29662166265632 20.656906198277806 20.54928268129337 69.47667799554806 37.49239521860189 47.50822609801639 39.50122680031865 68.80367076244386 16.84634587116177 42.793321358466066 55.87076811448818 29.284145972848048 31.758721586235325 49.40822432150919 55.22087044057785 42.144804490549085 40.74591564074779 30.943672728329013 
56.42685717692266 58.343860169308314 46.614454932313755 25.521433376488748 24.29079044895882 61.444929870869686 49.10511320077494 58.95059602327737 73.82408487870518 12.962341327293446 0.0 79.66092121496143 55.74376033048607 30.292761802329387 15.493613477823635 56.762312572243935 64.29052519575394 67.83203920316606 35.22150288705029 36.22276552145558 14.326699768914501 58.20827796120632 36.74973263538452 83.73883153764372 39.182748485050844 60.35306153479325 24.987177371187645 61.102499454857835 53.97223363121627 38.22327941107906 35.08014721743785 72.0924478087876 53.30615731265919 41.04250314906513 56.91446293572723 87.87845762362339 50.04313289939488 81.2797792077617 51.878716974755534 38.94649182950197 52.81734810844148 23.511402453123907 64.58404943630667 19.04782642464631 17.34461024579453 82.43219147356714 31.394581795815725 51.785978657766826 52.36316082875986 80.56513442434658 16.7976332231149 42.55527334855553 63.783046982857705 38.19327256260721 44.02297863532513 57.4565415231345 63.303756693497796 33.31696393537985 53.6179563517261 41.40595995151219 
86.6554001355006 24.81714227324402 48.44528684733935 71.33518813904993 70.49063522449323 107.99896865894061 45.077331842659255 33.73421461469306 36.07064342123587 67.63805953257489 79.66092121496143 0.0 56.05118246620567 93.29923571275751 87.12351983584601 50.68621911370704 42.03714860905442 37.37363655193357 65.47915190692086 51.3303735082722 69.71043458226548 54.02393423508309 101.85869754041723 34.82690650269054 90.26587232259492 83.42072416011936 79.51281132817785 39.96109478092967 29.768111689356132 102.76984932812192 91.15762606353955 14.427043363422438 98.81791966573978 39.58906148911587 22.76706290446572 44.47325383981384 30.352428682360866 44.32445320269067 103.59691828280857 59.97713164925137 74.27594715885753 93.40676862098871 47.69915500449903 71.32109142487744 73.7008083251355 30.829165432035282 84.54957685467056 90.30797904290849 31.47874964379533 3.893555904381491 80.74227429857781 98.06813573344466 37.395462208674566 68.44954264448263 51.132643122486165 77.42776209012476 36.47457468806485 94.00791750952285 39.302663999024 39.635528822522346 
31.206630085370545 53.08847518198923 13.318594127276187 32.28065355028055 66.0308583773005 53.764398140393745 14.36457304741554 22.406312690847454 26.908615501328782 44.28518397927248 55.74376033048607 56.05118246620567 0.0 83.721869556373 70.40636984665773 75.2896476441621 16.00793423541613 21.65707705317444 70.30101182373372 22.861623375270952 56.79696167146784 3.173722476293272 56.806164018370886 82.4515768755996 41.28926254585391 27.39750000509316 38.415618586007994 16.461813355329234 29.866574352997212 57.135950130223364 44.439410285720754 59.84412489427897 45.439089760097836 45.46347622881773 43.61177235156531 36.62934183992825 35.44900893259059 29.594661016928775 51.56599748473545 68.71401246483563 18.904107561874266 54.38894552782461 12.128011821147703 62.66034244618943 63.45042722368874 37.87764064136101 80.3919487013047 36.28145633218391 28.866074461866855 59.33588593875274 44.933521510232815 48.838019479383206 70.71407629972175 21.041178496098137 13.89631726869933 21.448103335375134 69.615948803017 86.1836184095898 17.87430131994726 46.67683985292936 
86.66189134951055 68.79550617930427 72.7365490927082 55.57650122706624 22.83583633004069 89.59025798128458 74.45391254540607 81.71973048471675 97.39930801610159 39.54555690014047 30.292761802329387 93.29923571275751 83.721869556373 0.0 15.010361147417502 53.439724965862446 89.41593007480864 91.86456646915194 29.7548585263867 61.897838585685236 27.546497910607215 85.80363123597243 62.07631936821495 85.4697136897107 68.45557171991534 90.64282008424259 55.14625980768759 85.72032583642493 74.11185276276798 63.53667689294337 63.842356564816235 82.02903738686051 82.27208603579601 54.54822769555836 71.68804313839011 112.14040744222727 68.01555763576893 106.1080691918351 79.70254531696314 35.82395130542347 82.91810538022668 49.49769984871608 90.88668381292801 23.10410320675591 21.34667761270215 104.26074752886583 10.487078351987659 81.70692887876862 72.85915780954146 92.97421094391603 46.71844117647462 70.46679953045656 65.63618957930352 68.020213211593 70.69742223606077 87.63551909874657 65.68176670128705 3.2794868183232406 77.61885118788817 54.207921740488956 
71.6957590802018 63.722592684970905 60.29408401421151 40.9918075513497 19.84095994353614 74.9060674439946 62.4007868693779 70.98271325945366 86.3954477253884 26.226812077135907 15.493613477823635 87.12351983584601 70.40636984665773 15.010361147417502 0.0 54.75831004405482 77.58816588204792 80.59670984154153 30.581777473041065 49.543266194116526 17.51946906418226 72.69836568803635 47.99486576154602 85.0446433856213 53.50026976076906 75.78673421487431 40.16876206330007 74.11890076388003 64.52830738470188 49.47636689318241 48.959097270363046 77.49155593814366 67.38857770681396 47.5353638833895 64.60500272866216 100.86608508930027 59.33522995130593 94.51819345629913 65.07304593560926 35.970618289475645 68.30710249286433 35.06193697151606 78.47270552946274 16.600489866292747 14.003599987084817 94.17059987253887 18.76472137912166 66.69679342797453 63.08670510504854 87.39498404591164 31.71564470046312 55.78210789879183 64.7222217973504 53.60876219471794 57.969445914233006 72.94968696043908 64.5055801814472 18.170851052613155 66.2458702140463 47.51220549140002 
96.14952309808547 28.472080823393146 62.09356260611515 66.64159548758516 34.97580479409097 110.50105851667833 61.06220443089473 59.36751930053818 72.67103130708676 51.39598305511348 56.762312572243935 50.68621911370704 75.2896476441621 53.439724965862446 54.75831004405482 0.0 70.58289110879561 69.56567388754064 24.389872949097192 55.19322613277243 42.459830053637184 75.43146869387391 91.64667029994048 32.32775431392611 87.85715915404536 96.4994798297823 72.53656628871968 66.58411758435409 49.01167637129188 93.02114906253016 85.77438527788765 36.48806260809736 101.02299344235936 29.90208473483477 37.45102431291079 86.39018753418155 41.613304087652175 82.83681636697239 102.46314037649094 18.789328002594658 86.28161079885052 79.10543743220299 75.02126117088503 39.15223918498413 41.627175738870434 74.15947931410405 43.024449441509105 95.5258456329471 49.05046785748791 48.66924948892771 68.19725321732653 93.94704462587924 14.23976863338631 72.92695575971806 62.427175880216254 91.08923103261112 14.836194670875047 52.735655300394114 59.62901662265877 28.681253201924292 
47.033585429245065 44.716838547503336 17.785927044394402 44.16643748052116 69.19334598325808 69.74544745129033 15.217205160087358 11.341694353390999 11.199930750199657 51.65844724879966 64.29052519575394 42.03714860905442 16.00793423541613 89.41593007480864 77.58816588204792 70.58289110879561 0.0 5.650889840982056 70.96520466120401 28.13076932262868 61.869482266822075 13.18250616658858 71.50451544322449 71.77909636309504 56.608370430091135 42.69647543996108 51.43662329590494 4.091321144222663 21.617079604562985 71.97292027537966 59.29193379765498 48.346334434130036 61.44090138452479 42.4614395118487 34.700800286591765 23.664241874321043 28.9771128611905 16.99158863869455 67.48822852912856 68.07988830722877 34.84982540263301 67.46451154448339 5.682310573623622 66.86810996715569 68.21736478290852 22.05803402299358 84.34990683793502 52.289388034645995 21.543929577639844 45.611670553046615 56.62037936793377 64.31717968738063 63.26846843563585 35.11829335726791 20.66403519084122 36.9449377643241 62.127398216345945 91.47109950368929 12.165205532322409 43.55131689794977 
52.6624547730849 42.65668278146658 21.989517258661717 48.84120551084518 70.98915170539289 75.39507690148103 18.940892544221374 10.757266423305992 6.135698797836236 55.01676693302058 67.83203920316606 37.37363655193357 21.65707705317444 91.86456646915194 80.59670984154153 69.56567388754064 5.650889840982056 0.0 71.89300418701735 31.639071417292467 64.3767011836273 18.823533527274947 76.76250431076132 68.37466877530471 62.060162348256306 48.23917305118273 56.32501187294455 6.931135698795665 20.807093611328597 77.26916513974213 64.61638929748322 44.8175984858393 67.08460391955816 42.64165976448002 32.70860817752255 20.299971262552795 28.382592162669233 14.432698170609031 73.10200424566858 68.5888624593318 40.49757010834637 72.28163647548305 10.737888614158747 69.03439204376294 70.54817825884948 16.60689493506513 86.26340450410932 57.93821327794246 21.196811144829578 41.05878364269815 61.12126742055105 69.80282592669464 61.2699253555382 40.37841526718929 25.04698529925248 42.5310051728021 60.1262128407109 93.7735530342228 14.350976797814594 43.650076284256684 
83.86011322219656 40.6620425958479 57.330297865331204 51.76888753309089 11.280089476798373 94.20537589158432 57.7370263718405 61.14956835230652 76.56403549620364 34.04188283885667 35.22150288705029 65.47915190692086 70.30101182373372 29.7548585263867 30.581777473041065 24.389872949097192 70.96520466120401 71.89300418701735 0.0 47.573933537904935 21.40055595588448 71.46117438323111 71.76021034614838 55.86557513155002 71.24585279750418 85.78884306136929 55.69027091384691 66.91599784153341 51.75059389600929 73.21312542443465 68.14337636236134 53.17864951528545 85.22231212916822 29.829364909912176 45.5684519265624 91.35476805220665 44.53450043298758 86.26809482372627 85.24092405901796 6.070107637076442 76.20337408360095 58.63279087015594 73.97847333701411 16.2598257347549 18.38125555100473 81.33039738996926 19.769255549481574 81.42570503424882 50.95863681632547 64.66615733214432 49.50637484818131 76.15256065145263 35.894440071481796 61.29639697760194 56.40886679508163 81.2087123314318 35.92746935561647 29.606774755445592 58.83067895231004 29.051254081449784 
41.65547771030501 38.56475584698394 10.839470375038184 20.106773083006455 43.241159524038196 59.445569682670794 12.914215679477804 23.43491597577886 37.67761607140567 23.527679590826626 36.22276552145558 51.3303735082722 22.861623375270952 61.897838585685236 49.543266194116526 55.19322613277243 28.13076932262868 31.639071417292467 47.573933537904935 0.0 34.51009755153682 24.389868619984444 50.569586239454544 68.94663041005943 39.454508489622754 41.3830878434734 28.295621608461804 24.87989768701998 21.740456827069192 51.453826469844785 39.9057899171798 49.38224065916771 49.85269615380308 25.710640411125627 31.49731464816137 51.66150273520867 22.156425863717203 45.11707471146002 53.50951180299095 46.364120137263846 31.124883977384354 43.07479119542691 29.018930069179465 40.08964202659379 41.0822563035835 46.78148842177788 57.83062456934891 42.566893794966084 19.98576609884838 53.51776868708008 30.863842536121375 47.104788476665604 53.49575714195286 19.146450392184224 9.045084841624158 35.89861192450722 52.510003655031404 64.15856175319517 17.598194578794878 26.902746727106454 
64.63509116737596 46.72865854603897 45.32528317993078 32.18342273371844 11.431751411398649 73.16853369922946 46.93511036837542 54.36387053856294 69.9836776822563 14.166363589031256 14.326699768914501 69.71043458226548 56.79696167146784 27.546497910607215 17.51946906418226 42.459830053637184 61.869482266822075 64.3767011836273 21.40055595588448 34.51009755153682 0.0 58.68984910018481 50.41321331238573 70.22803415348119 50.2912914629029 67.4236418730169 34.89345818899308 58.1807466010609 47.317376644869675 51.85788902490556 46.932314100949434 60.56217401406435 64.39657326536852 30.139220134688934 47.120374589204026 84.66948424128088 41.87913261460701 78.57946846849677 64.02666237907364 24.686441163752743 58.56614402279744 37.367893134412085 63.41726661201274 6.494570470294733 6.668303338599249 77.23699799260187 23.726211561082206 61.330989063661384 45.94231663635834 70.09911040498592 28.210191465096113 54.86650119374071 50.05740139638498 43.34893126762962 43.43144938587626 63.5085665412409 49.65755386681911 29.674094144541115 50.09712225391874 30.19202174792656 
33.8558542482441 52.364811173137795 14.136023554885494 35.14997491808334 67.62797909742345 56.58218086614159 14.395788129844675 20.652854708837758 23.896686500304877 46.50512793810041 58.20827796120632 54.02393423508309 3.173722476293272 85.80363123597243 72.69836568803635 75.43146869387391 13.18250616658858 18.823533527274947 71.46117438323111 24.389868619984444 58.68984910018481 0.0 59.97810748056753 81.33026574542401 44.453731502830856 29.69437412344575 41.451283887188836 14.12785357739061 28.880007908431836 60.309553249965866 47.61259125716966 58.46385842513239 48.38571128016941 45.76373215592852 42.69898562405005 33.46157797313449 34.927295902547186 26.424976286931344 54.5997172147911 69.62467459446424 21.680046083429826 57.45408147652861 8.988553716230031 64.42835070742798 65.31882606338911 34.86723118643096 82.17389834317297 39.19323084699418 28.037208124405378 57.39687760707259 47.82179411243821 51.98702307715864 70.27385373935934 24.142612514606167 15.346277651142163 23.84920134386663 69.16245291961451 88.20336037391878 16.835441227558682 46.964841664466654 
36.98080108445387 85.965476484132 55.96034214664544 30.526696079077933 61.01596512029563 28.893748361093333 59.51089516174669 72.04047947595319 82.68776050573884 40.450034079956815 36.74973263538452 101.85869754041723 56.806164018370886 62.07631936821495 47.99486576154602 91.64667029994048 71.50451544322449 76.76250431076132 71.76021034614838 50.569586239454544 50.41321331238573 59.97810748056753 0.0 114.8530619047198 16.46346709340118 43.46112859105232 22.36914049475493 70.10678516499263 72.2975894098134 1.489479874316258 12.390577477940337 98.49585874199232 24.380052553399363 69.33035106660158 80.97518772089795 93.42900262851599 72.00714408322054 86.39911416932759 19.12248212838751 74.94180418619662 42.279178529879694 13.27608518907187 68.80500603472015 55.74823878442826 54.09198490357234 93.35020694577517 66.52217829844092 29.169436819923927 70.5471960588406 103.90520797536459 23.637524176272752 11.717155309038317 96.15135056317503 36.39216572718252 52.83201351803872 44.489231407375016 95.45141056680833 65.35561466300965 65.63395430530404 70.15190816493858 
109.88020663960361 30.41499051750577 71.24802683141979 86.01907560408871 65.34478694436059 128.33370518826277 68.7534243469532 61.1213324543597 68.77293502682785 75.06010171512361 83.73883153764372 34.82690650269054 82.4515768755996 85.4697136897107 85.0446433856213 32.32775431392611 71.77909636309504 68.37466877530471 55.86557513155002 68.94663041005943 70.22803415348119 81.33026574542401 114.8530619047198 0.0 107.31374987062851 108.28735935018267 93.40992529927942 68.60534570784138 52.588451817951004 116.06985558589564 106.55998598121093 23.566620599339252 118.71310458137532 45.60411804961711 38.96670681125562 78.97118810159341 47.88755665532654 78.01112737044383 121.84086487135497 49.866583733986154 98.20558487189845 103.61185396042046 77.30871631463168 68.60744165749007 71.20839832442084 65.32636349435752 75.15432771581776 111.4847841935661 53.669320699826216 31.14071897441604 91.39854345071994 114.46070989342995 20.32612323388685 88.08569506309769 72.94930975424816 102.32594383453466 20.607225229957297 84.93849766294154 64.59512169817884 44.72896134219883 
21.375673122618803 77.32413179650584 42.5195411352317 21.502394828535767 61.68092189037631 22.97109086047631 46.08225713506367 58.59753505086903 67.79588471672463 37.34603253909981 39.182748485050844 90.26587232259492 41.28926254585391 68.45557171991534 53.50026976076906 87.85715915404536 56.608370430091135 62.060162348256306 71.24585279750418 39.454508489622754 50.2912914629029 44.453731502830856 16.46346709340118 107.31374987062851 0.0 27.51010509572269 15.588710395132306 55.67528493337457 60.50916514308463 16.414793059561237 5.2601046319790115 88.78444158156186 14.170702799924198 61.99873481879545 70.91693043518102 77.73430000681745 61.60312471829105 70.74511034741882 14.683422847488796 73.18710441135782 25.838329296321003 21.0347305242241 53.4068299646361 56.503546030557985 55.51000264567059 78.64770032500371 70.57699715892805 14.268675839643246 58.818822911814465 92.70186078271398 22.487026816140755 7.870599883017015 89.98435206251662 22.1820835101328 39.53717515370204 28.076973885217807 89.14557161646053 71.65803297037773 52.2430308584286 63.00075531802692 
6.7345726865939355 78.14566757185779 37.04000213854454 35.44923578037565 78.48284202863094 28.89566591704203 39.67751791131307 49.70851157136079 52.6229740455984 53.25930184485988 60.35306153479325 83.42072416011936 27.39750000509316 90.64282008424259 75.78673421487431 96.4994798297823 42.69647543996108 48.23917305118273 85.78884306136929 41.3830878434734 67.4236418730169 29.69437412344575 43.46112859105232 108.28735935018267 27.51010509572269 0.0 35.88664331489031 43.780114901210155 56.10789104367721 43.07929696082026 32.62048558057437 86.42019792501667 23.006859566776622 67.07230551847042 69.36428475371638 58.333473570261354 60.43544432131684 51.9479271404016 30.35797333012268 85.91613375361261 10.28340125347105 47.743800139333935 37.64054739922908 73.90840226114994 73.74287618108991 63.36029164485439 90.4356512589791 14.723596267784782 54.831983831395654 86.6551534090987 44.451855979918406 32.27089381244973 94.499781519778 24.492634998644764 35.46931653274182 6.031504839810683 93.47009939287138 93.63492240860938 44.606383486422175 68.27151565539424 
31.529153114625533 63.99957846088452 34.6946676165008 8.190757053992801 46.319297767620505 38.55772558858437 38.14713141530307 50.4804023473811 62.410759783586805 21.75741252807468 24.987177371187645 79.51281132817785 38.415618586007994 55.14625980768759 40.16876206330007 72.53656628871968 51.43662329590494 56.32501187294455 55.69027091384691 28.295621608461804 34.89345818899308 41.451283887188836 22.36914049475493 93.40992529927942 15.588710395132306 35.88664331489031 0.0 49.462132086961276 50.034869555494744 23.348558386658446 13.327653538240233 76.27087198850283 29.54752413406661 47.81595197870246 58.66089161425071 74.46310239214013 49.64722679045894 67.44526410138113 29.977146151011645 57.603199891778566 29.632218223404134 16.06775929390802 49.680412029750315 41.208988172593614 40.38955854613928 72.69725459573102 56.1035966822848 26.87871139045132 48.27886553936754 81.53699983167907 8.567117648886303 21.466794140148224 75.38867871613664 17.517349707918335 31.542729546896418 33.78355653032125 74.60442271877446 58.23300679965456 44.12702306270685 48.730390028630524 
47.644909480479285 41.013398660880824 15.058891834541782 41.92877997377556 65.29411680369063 70.01057632363256 12.065760491205278 7.615689886081295 13.06682096677864 48.353659617466086 61.102499454857835 39.96109478092967 16.461813355329234 85.72032583642493 74.11890076388003 66.58411758435409 4.091321144222663 6.931135698795665 66.91599784153341 24.87989768701998 58.1807466010609 14.12785357739061 70.10678516499263 68.60534570784138 55.67528493337457 43.780114901210155 49.462132086961276 0.0 17.69604882132396 70.65125544725012 58.04187696445393 45.31455336813319 61.41732589849756 38.37111145019153 31.017555496966278 26.80051035448769 24.97082408614563 20.422879794643382 67.1797856348963 63.99708385161032 35.29009543369132 65.3903299458423 8.81532395557134 63.06841889336026 64.47103294596413 23.283790244544115 80.48714083869984 52.388752854096566 17.53368990351944 43.39790005300077 54.190562957771064 63.47276275526812 59.50464768287329 33.78018233643729 18.11837100749624 37.877673835900396 58.36608537729057 87.72601626648819 8.200821662840776 39.462567819076455 
58.407945073273446 23.61484485365945 19.40590332074371 41.84482996891908 52.15362019146135 78.82576724750446 16.4482246324942 10.356491228526444 24.89469014359338 41.13549712850785 53.97223363121627 29.768111689356132 29.866574352997212 74.11185276276798 64.52830738470188 49.01167637129188 21.617079604562985 20.807093611328597 51.75059389600929 21.740456827069192 47.317376644869675 28.880007908431836 72.2975894098134 52.588451817951004 60.50916514308463 56.10789104367721 50.034869555494744 17.69604882132396 0.0 73.16301313796602 61.41580202734908 30.31607317000039 69.47950203113605 22.07256382249791 13.821810236431098 39.61639005170075 7.575996359709288 34.825682470000174 73.98418290405522 48.07994829144751 46.287655383267 64.5412355276045 26.380304140893255 51.00780610257172 52.87315425401015 30.193395453062088 67.45155468141922 61.25989916837077 1.760288214843645 32.23505257994693 52.06348340903295 68.30293111966533 41.92253099001701 38.82417710471246 21.758252177040607 50.09035077818294 40.7894462387564 75.66861880097481 12.051582293838194 23.012749558682007 
36.537375454884966 87.09633646858546 56.61984009881679 31.467129307220333 62.48389057232377 27.655913202326936 60.17865992365095 72.72459646124169 83.1654806206995 41.78152352511279 38.22327941107906 102.76984932812192 57.135950130223364 63.53667689294337 49.47636689318241 93.02114906253016 71.97292027537966 77.26916513974213 73.21312542443465 51.453826469844785 51.85788902490556 60.309553249965866 1.489479874316258 116.06985558589564 16.414793059561237 43.07929696082026 23.348558386658446 70.65125544725012 73.16301313796602 0.0 12.706960872023032 99.56218091397973 23.480092868158817 70.52275695846771 82.00024472869885 93.73776759601824 72.99411083685199 86.7159686950538 17.96385390492782 76.3682475425783 42.25034715219714 14.760261465919081 69.17236575505743 57.21438186543461 55.56668538259164 93.86776496710465 68.00965252056861 28.65697551096362 71.41600985910894 104.853525288207 24.94980414370415 11.033879104419828 97.42986957715213 36.89157449740165 53.50220843744827 44.30507457331052 96.72272706281898 66.81577661464343 66.31618868866154 71.35561626497197 
26.590714302749856 76.91174360287124 44.2344204698461 20.61031598329066 58.21787823596268 26.393794217157623 47.80543395523674 60.36984612151067 70.48853938405699 34.64556359198225 35.08014721743785 91.15762606353955 44.439410285720754 63.842356564816235 48.959097270363046 85.77438527788765 59.29193379765498 64.61638929748322 68.14337636236134 39.9057899171798 46.932314100949434 47.61259125716966 12.390577477940337 106.55998598121093 5.2601046319790115 32.62048558057437 13.327653538240233 58.04187696445393 61.41580202734908 12.706960872023032 0.0 88.84151390893203 18.43170719161373 61.009895913444126 71.06768191555443 81.05312595711206 61.86759631234463 74.02683329182913 17.100199257142926 70.43602074859021 30.21100762661615 15.814165139534841 56.46653530817545 52.98006421366064 51.818759639761154 81.22108429572839 66.39997270225416 19.5205254706655 59.68940871092105 93.41793322505602 18.753156414839403 8.172944968258127 88.69417010840618 24.261710540575848 41.151090386939416 32.8381545854936 87.90140104667562 67.06915001838482 53.96687923803136 61.95038642892713 
88.64129187559041 13.839436594247323 49.6191199978142 68.3306093208005 59.526424764000694 108.46037009513653 46.76224680743398 37.96064156172687 45.284941027913455 61.13558069177915 72.0924478087876 14.427043363422438 59.84412489427897 82.02903738686051 77.49155593814366 36.48806260809736 48.346334434130036 44.8175984858393 53.17864951528545 49.38224065916771 60.56217401406435 58.46385842513239 98.49585874199232 23.566620599339252 88.78444158156186 86.42019792501667 76.27087198850283 45.31455336813319 30.31607317000039 99.56218091397973 88.84151390893203 0.0 98.96175422951737 31.054455133183207 17.886462473975854 56.15948391599077 27.251681604146988 54.70399301011605 102.8846891654467 47.39036109285745 76.58883693993488 88.65220785789514 53.928495764757365 61.12743365811953 63.641813124773535 42.6534827281996 72.72471407815493 91.10242837912031 31.65004630388824 12.185327646878541 75.98236730147602 96.33595065815112 22.98164842485736 68.07389519715713 51.72745802889552 80.39938592485535 22.07969638979803 82.41353954909772 42.00865877414424 30.703221490808275 
16.40735141755612 88.39061021200685 50.37322750165669 34.39097134732108 75.8037090254135 9.635686821935113 53.76063701005662 65.74022161509012 72.27646819953863 51.217315425498036 53.30615731265919 98.81791966573978 45.439089760097836 82.27208603579601 67.38857770681396 101.02299344235936 61.44090138452479 67.08460391955816 85.22231212916822 49.85269615380308 64.39657326536852 48.38571128016941 24.380052553399363 118.71310458137532 14.170702799924198 23.006859566776622 29.54752413406661 61.41732589849756 69.47950203113605 23.480092868158817 18.43170719161373 98.96175422951737 0.0 74.05008152178519 81.12012143596344 80.00638104351083 71.74880357144635 73.29875383496243 7.415422258424486 86.95446841330913 26.905613746219704 33.581867297748985 57.22715378214044 70.64383490352483 69.67554754575696 83.24262462003873 84.69094020375154 9.254182120381627 67.89732616723295 101.59107707711235 36.652967919955685 12.879929127792701 102.22689128318466 30.888845751587095 47.75660696792417 26.552361129537662 101.33200604631466 85.50043059684734 59.69140577615674 75.12174119257745 
67.26949238238613 17.381825217586847 32.21571264020923 40.55870255618051 31.811725112490247 83.67889612928252 31.368791926634053 31.90926779324102 46.96672427046565 30.344069996027194 41.04250314906513 39.58906148911587 45.46347622881773 54.54822769555836 47.5353638833895 29.90208473483477 42.4614395118487 42.64165976448002 29.829364909912176 25.710640411125627 30.139220134688934 45.76373215592852 69.33035106660158 45.60411804961711 61.99873481879545 67.07230551847042 47.81595197870246 38.37111145019153 22.07256382249791 70.52275695846771 61.009895913444126 31.054455133183207 74.05008152178519 0.0 17.216976756498187 61.66686969052085 14.719148722968235 56.8513700794324 76.63103924132884 26.0087354519752 56.799006027155 58.508441296562076 46.26909723685493 31.94623174894357 34.2399634467841 51.51909795293727 46.751696263478664 67.56024047147343 21.459997744285776 39.982880159849536 46.05004180524273 68.9743395683835 28.18927712343193 44.314407222741245 32.53820883409127 61.50655184466996 27.28287932072555 55.64962700042091 30.723107907183195 1.2211635088519543 
71.20183937561661 10.017936401443347 32.33496167202293 50.63683948652991 48.88634614050763 90.64193295340723 29.786784061756556 23.413265273668998 35.305955326335024 45.048929069164934 56.91446293572723 22.76706290446572 43.61177235156531 71.68804313839011 64.60500272866216 37.45102431291079 34.700800286591765 32.70860817752255 45.5684519265624 31.49731464816137 47.120374589204026 42.69898562405005 80.97518772089795 38.96670681125562 70.91693043518102 69.36428475371638 58.66089161425071 31.017555496966278 13.821810236431098 82.00024472869885 71.06768191555443 17.886462473975854 81.12012143596344 17.216976756498187 0.0 48.959838977115204 9.374323631952246 45.46088187221933 84.99825906360421 40.77520536506251 59.345621500503476 71.62569750237942 39.82296650740957 49.16299319116358 51.44599618698086 37.09207467208917 63.583722536048505 73.3642681994762 14.749202376870203 23.75532642000385 58.917170237070614 78.49604185645057 28.61225730860612 50.232677085564724 34.199685249375214 63.385987556047404 27.46886241159264 72.68846960794018 25.865129049925383 17.48234226257504 
64.09921782020493 58.17955645619096 41.45016661412906 67.51763054663752 91.06508333072462 87.12000021624256 38.77670005091369 30.57020625720631 14.863961696406854 75.15358524672162 87.87845762362339 44.47325383981384 36.62934183992825 112.14040744222727 100.86608508930027 86.39018753418155 23.664241874321043 20.299971262552795 91.35476805220665 51.66150273520867 84.66948424128088 33.46157797313449 93.42900262851599 78.97118810159341 77.73430000681745 58.333473570261354 74.46310239214013 26.80051035448769 39.61639005170075 93.73776759601824 81.05312595711206 56.15948391599077 80.00638104351083 61.66686969052085 48.959838977115204 0.0 46.98894200592365 7.043839276161934 86.76824765122248 87.65191494308822 53.2821425913225 90.53049118154725 24.808923785231435 89.25840463760917 90.8117086605553 13.659096015976383 106.36993870614756 70.77946921635575 40.4114500382232 48.338541448763856 80.0858826576641 85.09992586318288 76.2256878811775 57.475904065379645 44.302799642278096 53.623219106415185 75.10904373468328 114.01659842750377 34.6370646613076 62.56966918121607 
62.0338839211102 17.771136751219945 23.432151707373034 41.55212186557172 45.665423274417634 81.27641326562643 21.226428778378313 17.855772325684473 32.36817572618146 37.60474823327918 50.04313289939488 30.352428682360866 35.44900893259059 68.01555763576893 59.33522995130593 41.613304087652175 28.9771128611905 28.382592162669233 44.53450043298758 22.156425863717203 41.87913261460701 34.927295902547186 72.00714408322054 47.88755665532654 61.60312471829105 60.43544432131684 49.64722679045894 24.97082408614563 7.575996359709288 72.99411083685199 61.86759631234463 27.251681604146988 71.74880357144635 14.719148722968235 9.374323631952246 46.98894200592365 0.0 42.361121428195894 75.63835132493129 40.66442476730456 50.32195717257748 63.105287406774615 33.4704112280596 44.97761290159259 47.00912388140591 36.896812339129774 60.87157452486624 64.03272531836119 7.437170406340754 32.01741428178719 50.42036518462159 69.21761473027064 35.34701870386241 40.863009057284074 25.063848852194223 54.5017327889579 34.235159005493266 69.39356237504883 18.344353908592044 15.585633582692743 
