45
0.0 64.32465922780759 7.545192598864875 41.06516182650352 32.72117662575272 70.76738596045885 81.37910824081038 68.36583148976898 31.549296967908695 60.11965621495141 84.1149605102686 68.40589178968594 47.820016649407584 79.02757949494932 75.10012517349956 83.851466701466 29.023390099473502 96.34067625722791 86.55039976998468 62.41673004005047 24.032846386367833 87.18921549709088 57.303578569261155 53.5673195084422 98.579035907624 45.111567903338795 37.143094465025655 14.709577706428123 79.77030390959106 59.268658024254 70.34103312885063 37.87591571392704 26.020793061309075 71.69276444090855 50.706443635126966 96.69330919815563 81.38392150158558 57.40622584698311 50.176151787662874 63.90964002621289 23.423536267248295 55.3603895468834 91.87170907150241 80.40826436749855 92.51245915358126 
64.32465922780759 0.0 61.75811833475557 49.29104580338238 39.7997006795834 10.535674930774775 78.69182437299028 81.24930881805328 56.0849270234334 56.230537722422206 20.42228207593383 94.52554321361127 28.822506042754313 14.722354229526255 84.8656371754763 27.444099887523834 42.45749806946464 65.52699901061663 42.51134667175593 55.32077877782991 40.58854661178426 87.08226420889635 7.278032272650156 50.053850682218595 74.85323497782882 47.85684941192041 66.11316840812837 75.47560374481574 16.42669197445949 54.41524416392393 93.99510577301255 87.27272965595436 51.565544515237825 8.17968856430249 94.48584511237596 81.43051241763078 19.163632594135425 76.31033981636898 14.291765418209597 78.22021725468977 52.19615865716987 47.17951926198022 77.90604581380582 69.28133494114131 64.17824367696517 
7.545192598864875 61.75811833475557 0.0 33.916785442695186 27.016526295285043 67.29306083854134 73.84375895241651 60.91431018320473 24.062771865518265 52.806197317087204 80.96815729006869 61.580552680125564 42.5455801917463 76.30972214480241 67.62895834872752 79.41060265796423 23.271480530522243 89.51981815302469 80.80959111877036 55.170461089967965 21.25911091163294 79.6462521159252 55.01745226121431 46.436283295460356 91.41188338393248 38.05213135029746 29.719450891528208 13.824578853478247 76.5727695832631 52.01231497543433 63.38090268343072 33.289900571172495 30.18683258166583 69.46432387571768 45.476763289447184 89.28162301675792 77.88612685193534 50.005998097086916 47.98625245587757 56.45302746360797 16.387701656665975 48.40532061753277 84.45975740633051 73.01713529828801 85.61957057112535 
41.06516182650352 49.29104580338238 33.916785442695186 0.0 14.930956670643491 49.388906045456324 42.74225633908189 35.905193885104765 11.630576820259083 19.305029791481637 63.014102344635624 45.928663901006665 20.637586736674535 60.9008819327026 41.40759794820356 55.420752115204024 16.311079989470418 55.87400746252622 50.817749175237616 21.40511377777994 28.591459903759368 49.86846438332735 45.403738653488205 12.51958764059754 57.51794470987957 4.3184957694556765 18.06759486108046 42.4379371037359 58.83375058705705 18.28692091542134 45.89453741840386 42.37559700999479 52.26877272207386 57.30700825331498 46.54757003368299 56.08959622541743 58.56124926490141 28.20524937698782 40.8663035595733 31.93209877196402 17.645039734961845 14.745625752707726 51.29118384680607 39.77845204675691 51.868033512556856 
32.72117662575272 39.7997006795834 27.016526295285043 14.930956670643491 0.0 42.793760623638 57.05464558700863 50.733896643334425 16.730581905147602 32.61949263971149 56.79756386733618 59.370971385276135 15.651688177523576 53.250713539384954 56.332080460578766 53.042577067968125 3.745584664261927 64.69533667421734 53.87790655710746 34.01778096714984 14.323738822285911 64.47191355506185 34.459770727458725 24.86850957142334 68.42910167052405 17.00600069400414 27.34868598335423 39.114610485249656 52.40185550848833 31.20881036599079 59.73521404897136 47.498740425207764 38.29185803752977 47.972624956398334 55.01206252829251 68.78819559836545 53.06214139650913 42.38093573449565 28.67584246346838 46.6605895834469 12.972044413808844 25.25109021756273 64.09222010385157 52.714632938079696 61.13708405972359 
70.76738596045885 10.535674930774775 67.29306083854134 49.388906045456324 42.793760623638 0.0 73.24989684666551 78.19233353460521 57.90837893356777 52.59734564468354 14.007724618607137 92.85701691460464 28.989242703774053 11.815300002791307 81.07305145358325 16.93575792399949 45.99322465200291 56.4704109519741 32.628476699063654 51.176824519119336 46.73455946373525 81.60160295227305 16.69627370403546 47.48423904415676 66.40498048427703 47.107679045817974 67.13240779459404 80.67949151070324 9.631400912923278 50.84655546620168 91.9521638069802 89.85758787041286 60.65484499082354 12.550577563519797 95.75631843588626 73.91855149399363 10.618803809785977 74.61925365694943 22.666376345050264 75.61334803580198 55.71762946043553 44.14046349141376 70.7388155360875 63.05517056984742 55.52221352870895 
81.37910824081038 78.69182437299028 73.84375895241651 42.74225633908189 57.05464558700863 73.24989684666551 0.0 19.636929367250673 49.92316376070491 24.838150037766248 83.0361195928986 36.741790059083996 53.9121235014248 84.46053508017073 15.50920172304732 68.61404655809639 58.98005597401033 36.32549280822492 52.15819893574958 24.42353853550881 71.19746638533155 8.391427535407852 78.1279172813991 32.67035305069326 28.68738137950203 40.05001701458066 45.70192006482297 77.85738452587485 80.16993832031724 26.507542208676732 33.68525287637224 64.42357460048453 95.00059832741198 85.01386973355524 58.610678744353244 19.287795183458456 77.93047966262407 28.713389675136934 76.42243749445416 22.311433749707703 59.029852869969595 33.77154517825113 15.478755432872589 11.687471413378029 32.4649556012445 
68.36583148976898 81.24930881805328 60.91431018320473 35.905193885104765 50.733896643334425 78.19233353460521 19.636929367250673 0.0 38.70295206119538 25.662526684209183 90.01917749562344 18.23344018411043 53.21950971786814 89.96222133467266 6.829133332214371 77.68258626002189 51.480649592730025 53.762033049494924 64.38323834295907 27.494865103057588 63.53433175370061 21.170902454213458 78.92470386396441 31.198735500399057 47.763336041964 35.13460445637795 31.228350220645627 62.26416836936843 86.49428612284582 27.37228431797726 15.785609398219439 45.87212979968222 86.08039055816748 88.60020791495094 39.0766189561655 38.920492279793045 84.99434681935938 11.167752078392612 75.52841598239459 4.467170596438704 48.431344714136465 34.18074077559137 35.028659368633285 27.932530434810644 49.53513597619663 
31.549296967908695 56.0849270234334 24.062771865518265 11.630576820259083 16.730581905147602 57.90837893356777 49.92316376070491 38.70295206119538 0.0 29.072828640411615 71.83899108889959 44.04547625656627 29.043659649667486 68.94163923906181 45.10683499210718 65.7576732011731 15.36096270569145 67.07136542944909 62.32257260100531 31.634249287123367 25.91738723358463 56.069180229908696 51.07737534716663 23.50019720127621 67.9195381001077 15.913267722235485 10.764027054880497 31.04564015068428 67.52112747032206 28.473511778069522 44.88515644519521 32.08423595007992 47.43312784652156 64.25985307866375 38.41938181747129 65.26539272029532 67.69868613345291 28.668470063236036 45.406003925663875 34.286208544229964 9.730680253179438 26.193656532201004 60.44495239907243 49.04114813517702 62.9714963003191 
60.11965621495141 56.230537722422206 52.806197317087204 19.305029791481637 32.61949263971149 52.59734564468354 24.838150037766248 25.662526684209183 29.072828640411615 0.0 64.37280558002611 41.71156281225918 29.530457566491354 64.33959118108638 28.653230052158005 52.496060933414554 34.91571754680502 39.05359994362048 41.36891349538799 3.0402577799386608 46.915573865583546 32.769377016527805 54.64458127763598 7.858889408478804 38.86937188642273 15.842359053790922 29.471887304822875 59.76772574815493 60.83175966387342 1.8243136316280204 40.232975384632894 53.43809699950099 70.86760532612553 63.30937590294799 52.93097318827142 36.78462185595298 59.36206691883517 24.392817189124564 52.213420419178355 23.51537058179599 36.799845292863004 9.283448117585039 31.987960964298484 20.47622776794175 34.764258751928885 
84.1149605102686 20.42228207593383 80.96815729006869 63.014102344635624 56.79756386733618 14.007724618607137 83.0361195928986 90.01917749562344 71.83899108889959 64.37280558002611 0.0 105.45400947374875 42.8397531866161 6.942034559415017 92.31096895884724 16.33541455793106 59.97376645721544 60.833619163531296 35.825838903375924 62.59876390576848 60.13508245394044 91.22427297993832 27.697063258728512 60.037626542697815 71.8646102413011 60.48981644190381 80.894769926243 94.46535120258237 4.4142988614338305 62.704225472963365 104.33719899364029 103.83013860770666 71.89878334235142 15.565816791699227 109.50623988318118 80.93551087415885 5.1091581522250635 87.32130403384669 34.60520906275032 87.76899441695842 69.71128751788363 56.492710870390226 78.36375620542712 72.13152119909132 60.86790371546058 
68.40589178968594 94.52554321361127 61.580552680125564 45.928663901006665 59.370971385276135 92.85701691460464 36.741790059083996 18.23344018411043 44.04547625656627 41.71156281225918 105.45400947374875 0.0 65.74814680520508 104.66655549532518 21.312726353858164 94.19710965654035 59.00625024848266 71.92150197221481 82.04959949221738 44.0708961581049 69.94184713982021 35.527746105666125 91.19014915393444 45.43841391313063 65.38396321293946 46.72053194968083 33.80158966201908 58.808313588885746 101.67304112439061 43.19514022013851 3.445155943312542 37.16757859160598 90.05824722292192 102.29103414926165 26.378180366847538 55.58581767633842 100.54844035843358 18.262358076145517 86.79214980544117 18.494272687679953 53.13958684416343 48.96371541816387 52.172625780078604 46.0632804371132 67.72449563083505 
47.820016649407584 28.822506042754313 42.5455801917463 20.637586736674535 15.651688177523576 28.989242703774053 53.9121235014248 53.21950971786814 29.043659649667486 29.530457566491354 42.8397531866161 65.74814680520508 0.0 40.33464285657503 57.482264382812964 37.52995630098825 19.352047675385087 52.95812327392773 38.930248351063305 29.496729023145832 25.91665665941459 62.090496997494725 25.726055688662253 22.328944518946354 58.70544534266171 19.04138493537976 38.157166428885375 54.75299214682566 38.556933273073035 27.733940384854463 65.31476495735271 61.10964823367076 47.950027335663236 36.7419947956512 66.7781679141778 61.56168596816192 38.65502779080903 47.577026236512225 22.689050663973443 49.895496295891576 28.310159850682915 20.273102063566302 57.224282814711465 46.685900007641685 49.941366906500335 
79.02757949494932 14.722354229526255 76.30972214480241 60.9008819327026 53.250713539384954 11.815300002791307 84.46053508017073 89.96222133467266 68.94163923906181 64.33959118108638 6.942034559415017 104.66655549532518 40.33464285657503 0.0 92.7362792172206 21.0780648104829 56.202637283197994 64.86141024494093 40.02893301873154 62.845477501158726 55.218731655139536 92.76598640482 21.908624900734722 59.29947733764527 75.49499309096598 58.77593602582309 78.46184739276397 89.96477011929531 5.407698152031696 62.600474241330964 103.76742219469251 100.66637122718457 65.63137539465079 8.7305774251735 107.0623012271267 83.88488790005717 9.13716018510296 86.42443716639508 28.99731466359047 87.41753126869862 65.98508601068814 55.946901340335415 81.00137745578974 73.95909819775393 64.49079280639289 
75.10012517349956 84.8656371754763 67.62895834872752 41.40759794820356 56.332080460578766 81.07305145358325 15.50920172304732 6.829133332214371 45.10683499210718 28.653230052158005 92.31096895884724 21.312726353858164 57.482264382812964 92.7362792172206 0.0 79.18140374078607 57.33024644731284 51.417847572687926 64.5845905688246 29.896869144511307 69.49939340796377 14.998208579548873 83.0201867677162 35.170271345419124 44.196552916736316 40.157994236808676 37.98496512981472 69.09042934431844 88.98504597169571 30.460380834667284 18.19093005119255 52.28402035975354 92.3474261968984 91.95644404295177 44.708313726214435 34.29398918298478 87.23224463763432 17.996876607624525 80.04974767803711 11.21684485206853 54.81124022607366 37.720179730543464 30.874505907767706 25.755442314200348 47.376213733286285 
83.851466701466 27.444099887523834 79.41060265796423 55.420752115204024 53.042577067968125 16.93575792399949 68.61404655809639 77.68258626002189 65.7576732011731 52.496060933414554 16.33541455793106 94.19710965654035 37.52995630098825 21.0780648104829 79.18140374078607 0.0 56.646667370050885 44.51044250022737 19.504888328527286 50.28247463152649 60.141083926595044 76.59356556738726 33.461532329924644 49.6384776752264 55.627877033034196 52.11358706515146 73.4424368985303 92.11210102161846 15.670372805281369 51.004685027136745 92.70504483881257 97.66144856363455 76.57613724533488 27.236907752499338 101.5541799539312 65.03148033134337 12.025581781930983 76.51517052274424 38.82075597658918 75.96507272618094 65.8354806087963 45.8629722057848 62.703760843213615 57.32957043985692 44.65588075707135 
29.023390099473502 42.45749806946464 23.271480530522243 16.311079989470418 3.745584664261927 45.99322465200291 58.98005597401033 51.480649592730025 15.36096270569145 34.91571754680502 59.97376645721544 59.00625024848266 19.352047675385087 56.202637283197994 57.33024644731284 56.646667370050885 0.0 68.062924525473 57.611900325372474 36.533535818988774 12.284482671111636 66.17808094761625 36.77025032773909 27.32804837000571 71.48090500730007 19.090791214319562 26.12484781952194 35.47044861824224 55.56645349181443 33.61246418494871 59.585092392397094 44.87394171193256 36.03660892926723 50.59656595909786 53.025359360379625 71.41221667268094 56.35668132645269 42.56342177929598 30.61713906489153 47.28108915299014 9.782486260291043 28.0885191806009 66.67642031994758 55.22968823828733 64.4380172579205 
96.34067625722791 65.52699901061663 89.51981815302469 55.87400746252622 64.69533667421734 56.4704109519741 36.32549280822492 53.762033049494924 67.07136542944909 39.05359994362048 60.833619163531296 71.92150197221481 52.95812327392773 64.86141024494093 51.417847572687926 44.51044250022737 68.062924525473 0.0 25.007965815792033 36.10782000025271 78.01588471160228 41.727911946208074 68.37970339427645 43.57228697337867 11.80491416807876 51.607900591537955 68.52401343270627 98.11554717034491 59.59371883944286 39.1111203421062 69.1754726997464 92.12782555332645 100.88129794219253 68.94504840370627 89.90065408880247 23.472007613294355 56.260962871939086 59.133644633050395 70.12735288794205 54.68661130949478 73.13410971657729 41.16880026211956 23.36228410710823 25.859649692424583 4.3892237615271785 
86.55039976998468 42.51134667175593 80.80959111877036 50.817749175237616 53.87790655710746 32.628476699063654 52.15819893574958 64.38323834295907 62.32257260100531 41.36891349538799 35.825838903375924 82.04959949221738 38.930248351063305 40.02893301873154 64.5845905688246 19.504888328527286 57.611900325372474 25.007965815792033 0.0 38.57393345368745 64.6825903959683 59.62879580178193 46.6600124969588 41.350873834767356 36.19236488084247 46.72939513286158 67.59704272501487 91.9524240116072 34.70137469980958 40.33372736836814 80.04478675132337 92.45440540028554 85.04747139578019 44.77855420538827 93.84366977945812 46.08074774670763 31.292514143731218 65.62507665799237 49.97667607892586 63.561402675291404 65.27804832849935 37.677973161963386 44.187239546523465 40.50246163534943 25.280583909825282 
62.41673004005047 55.32077877782991 55.170461089967965 21.40511377777994 34.01778096714984 51.176824519119336 24.42353853550881 27.494865103057588 31.634249287123367 3.0402577799386608 62.59876390576848 44.0708961581049 29.496729023145832 62.845477501158726 29.896869144511307 50.28247463152649 36.533535818988774 36.10782000025271 38.57393345368745 0.0 48.341306261367286 32.60156582398003 54.11794409925768 9.2073199286964 36.30254362728729 17.644808173623154 32.4414366502115 62.47376003645025 59.1677057215786 3.1656690821516924 42.44599518111008 56.473095286642604 72.30863006518625 62.19279560652664 55.918696164658705 34.89358730768707 57.55186901640618 27.069002915702452 52.07093345790664 25.70457469034928 39.02481227430137 9.402327884136065 30.144763326401907 18.705975744947736 31.84043791706058 
24.032846386367833 40.58854661178426 21.25911091163294 28.591459903759368 14.323738822285911 46.73455946373525 71.19746638533155 63.53433175370061 25.91738723358463 46.915573865583546 60.13508245394044 69.94184713982021 25.91665665941459 55.218731655139536 69.49939340796377 60.141083926595044 12.284482671111636 78.01588471160228 64.6825903959683 48.341306261367286 0.0 78.45167456937368 33.77124060030632 39.18843101733607 82.39322985314081 31.19165673619899 36.2862767837415 35.066866478530635 55.77477942490002 45.525349311123556 70.79764987622974 50.640959582584564 23.968309181583265 48.221393424660796 60.71442586129408 83.08527279702709 57.351339480002416 54.23433772123247 26.727478361080788 59.26929849795003 17.10737046764045 39.506252359647014 78.40098220747822 67.0360501020726 74.65248950383065 
87.18921549709088 87.08226420889635 79.6462521159252 49.86846438332735 64.47191355506185 81.60160295227305 8.391427535407852 21.170902454213458 56.069180229908696 32.769377016527805 91.22427297993832 35.527746105666125 62.090496997494725 92.76598640482 14.998208579548873 76.59356556738726 66.17808094761625 41.727911946208074 59.62879580178193 32.60156582398003 78.45167456937368 0.0 86.47459763080089 40.51322667707486 32.42456434018536 47.49966124129669 50.65173731408406 82.54431020760433 88.42427076818873 34.49831268244258 32.18042763571602 67.04243095406608 102.08127983855648 93.39674483445492 59.70291214741867 20.98969487001587 86.12391870906066 31.853376428291053 84.66548656251545 24.964379264214266 65.46469909103463 41.867915790677955 18.78350188335006 19.282352689672674 38.272822860060494 
57.303578569261155 7.278032272650156 55.01745226121431 45.403738653488205 34.459770727458725 16.69627370403546 78.1279172813991 78.92470386396441 51.07737534716663 54.64458127763598 27.697063258728512 91.19014915393444 25.726055688662253 21.908624900734722 83.0201867677162 33.461532329924644 36.77025032773909 68.37970339427645 46.6600124969588 54.11794409925768 33.77124060030632 86.47459763080089 0.0 47.869923615011444 76.96937668468483 44.53226226796439 61.42537284302133 68.79663260164375 23.657207025783574 52.821137985458606 90.90080177734373 81.62667571450893 44.376556592009386 14.45046792355007 89.45927540819498 82.58497043118248 26.22687272735359 73.13299969786355 7.1305861726903 75.62088393085111 46.3660807002168 45.394129092168974 78.77915861546992 69.44614287919785 66.61047457122729 
53.5673195084422 50.053850682218595 46.436283295460356 12.51958764059754 24.86850957142334 47.48423904415676 32.67035305069326 31.198735500399057 23.50019720127621 7.858889408478804 60.037626542697815 45.43841391313063 22.328944518946354 59.29947733764527 35.170271345419124 49.6384776752264 27.32804837000571 43.57228697337867 41.350873834767356 9.2073199286964 39.18843101733607 40.51322667707486 47.869923615011444 0.0 45.01236514230736 8.518367794120131 26.467215673818075 54.54573776452754 56.23471868619126 6.345609308792095 44.46795558065022 51.25620166276182 63.15569048735824 57.470756721406744 52.72253852405806 44.09887574289951 55.167851057492335 27.285943543839622 44.97057866934724 28.247048325253658 30.143956973441192 3.812297262473875 39.35206661897074 27.903235472304015 39.49046601749664 
98.579035907624 74.85323497782882 91.41188338393248 57.51794470987957 68.42910167052405 66.40498048427703 28.68738137950203 47.763336041964 67.9195381001077 38.86937188642273 71.8646102413011 65.38396321293946 58.70544534266171 75.49499309096598 44.196552916736316 55.627877033034196 71.48090500730007 11.80491416807876 36.19236488084247 36.30254362728729 82.39322985314081 32.42456434018536 76.96937668468483 45.01236514230736 0.0 53.49201389606325 67.49894515682209 98.595425027707 70.33293525464366 39.46812467658805 62.36578498920925 89.68804300887916 105.94971121421018 78.95394488290326 85.80872638222253 12.317806303472727 67.14603838379384 54.95892361434462 77.90423341296564 49.54993808663772 75.15550256626288 43.485426585043115 13.677785378499488 20.76459937311566 11.011244618567595 
45.111567903338795 47.85684941192041 38.05213135029746 4.3184957694556765 17.00600069400414 47.107679045817974 40.05001701458066 35.13460445637795 15.913267722235485 15.842359053790922 60.48981644190381 46.72053194968083 19.04138493537976 58.77593602582309 40.157994236808676 52.11358706515146 19.090791214319562 51.607900591537955 46.72939513286158 17.644808173623154 31.19165673619899 47.49966124129669 44.53226226796439 8.518367794120131 53.49201389606325 0.0 21.417705150953072 46.75547020709458 56.400859806552084 14.617694639935017 46.36854218432773 46.07665341029003 55.097714079275995 55.723230701893826 49.4917502828738 52.51107140524126 55.89900551763462 28.60190291571443 40.566834964621535 31.45329101267592 21.70189712648624 10.449807308594407 47.740325537312565 36.25001773803057 47.62823682561725 
37.143094465025655 66.11316840812837 29.719450891528208 18.06759486108046 27.34868598335423 67.13240779459404 45.70192006482297 31.228350220645627 10.764027054880497 29.471887304822875 80.894769926243 33.80158966201908 38.157166428885375 78.46184739276397 37.98496512981472 73.4424368985303 26.12484781952194 68.52401343270627 67.59704272501487 32.4414366502115 36.2862767837415 50.65173731408406 61.42537284302133 26.467215673818075 67.49894515682209 21.417705150953072 0.0 32.161045461053355 76.66115237749878 29.537490915970565 34.956263587296164 24.857412678317537 56.51296821233579 74.25591817756812 28.623922802219013 62.93686880642342 76.52611793279402 20.2897704533594 55.965911556255335 26.778592605613817 19.347265524287216 29.982730010326783 58.20681675644104 47.33792980005309 64.22431559202738 
14.709577706428123 75.47560374481574 13.824578853478247 42.4379371037359 39.114610485249656 80.67949151070324 77.85738452587485 62.26416836936843 31.04564015068428 59.76772574815493 94.46535120258237 58.808313588885746 54.75299214682566 89.96477011929531 69.09042934431844 92.11210102161846 35.47044861824224 98.11554717034491 91.9524240116072 62.47376003645025 35.066866478530635 82.54431020760433 68.79663260164375 54.54573776452754 98.595425027707 46.75547020709458 32.161045461053355 0.0 90.05827036722776 59.337676107324356 61.21277032566916 24.626360878261035 40.69313822166874 83.23592414735332 37.93301380678712 94.89736866890068 91.22875667861138 51.101948363292735 61.78632760722483 57.975337843868104 26.733668896843536 57.161092709376106 90.12622482987659 79.01423845618865 94.00378184447159 
79.77030390959106 16.42669197445949 76.5727695832631 58.83375058705705 52.40185550848833 9.631400912923278 80.16993832031724 86.49428612284582 67.52112747032206 60.83175966387342 4.4142988614338305 101.67304112439061 38.556933273073035 5.407698152031696 88.98504597169571 15.670372805281369 55.56645349181443 59.59371883944286 34.70137469980958 59.1677057215786 55.77477942490002 88.42427076818873 23.657207025783574 56.23471868619126 70.33293525464366 56.400859806552084 76.66115237749878 90.05827036722776 0.0 59.13343403489246 100.63048799783589 99.48594503229064 67.99185174968434 12.74168744401848 105.28152827314304 78.94363156301519 3.796901017481025 83.49375874955481 30.453632216244877 84.13079780228456 65.30808751983287 52.749778255553714 76.17332795710648 69.46681152343483 59.32247295612925 
59.268658024254 54.41524416392393 52.01231497543433 18.28692091542134 31.20881036599079 50.84655546620168 26.507542208676732 27.37228431797726 28.473511778069522 1.8243136316280204 62.704225472963365 43.19514022013851 27.733940384854463 62.600474241330964 30.460380834667284 51.004685027136745 33.61246418494871 39.1111203421062 40.33372736836814 3.1656690821516924 45.525349311123556 34.49831268244258 52.821137985458606 6.345609308792095 39.46812467658805 14.617694639935017 29.537490915970565 59.337676107324356 59.13343403489246 0.0 41.79195631671567 53.779411628669315 69.49059885411262 61.51105373724808 53.70619554640126 37.8949152510979 57.70616774326048 25.677584899074645 50.412041667463676 25.107987849423154 35.887068731416626 7.4721617668740565 33.12266018026646 21.636744511815014 34.87299564194377 
70.34103312885063 93.99510577301255 63.38090268343072 45.89453741840386 59.73521404897136 91.9521638069802 33.68525287637224 15.785609398219439 44.88515644519521 40.232975384632894 104.33719899364029 3.445155943312542 65.31476495735271 103.76742219469251 18.19093005119255 92.70504483881257 59.585092392397094 69.1754726997464 80.04478675132337 42.44599518111008 70.79764987622974 32.18042763571602 90.90080177734373 44.46795558065022 62.36578498920925 46.36854218432773 34.956263587296164 61.21277032566916 100.63048799783589 41.79195631671567 0.0 40.11630188398249 91.42870556987381 101.66692290132276 29.673859972032254 52.383882793381815 99.38876677482737 17.771223743757123 86.72333354735267 16.74248588962296 54.19296777981436 47.8822617041462 49.06159981800455 43.325002630600835 65.02002659728326 
37.87591571392704 87.27272965595436 33.289900571172495 42.37559700999479 47.498740425207764 89.85758787041286 64.42357460048453 45.87212979968222 32.08423595007992 53.43809699950099 103.83013860770666 37.16757859160598 61.10964823367076 100.66637122718457 52.28402035975354 97.66144856363455 44.87394171193256 92.12782555332645 92.45440540028554 56.473095286642604 50.640959582584564 67.04243095406608 81.62667571450893 51.25620166276182 89.68804300887916 46.07665341029003 24.857412678317537 24.626360878261035 99.48594503229064 53.779411628669315 40.11630188398249 0.0 63.34886267890418 95.43348394826492 13.370844775855257 83.24744052961611 99.75710715790997 35.71081580853931 75.28893835077943 42.312988569213964 35.289419558991035 54.822482480480126 78.80166338599692 68.96806951576788 87.76055154078175 
26.020793061309075 51.565544515237825 30.18683258166583 52.26877272207386 38.29185803752977 60.65484499082354 95.00059832741198 86.08039055816748 47.43312784652156 70.86760532612553 71.89878334235142 90.05824722292192 47.950027335663236 65.63137539465079 92.3474261968984 76.57613724533488 36.03660892926723 100.88129794219253 85.04747139578019 72.30863006518625 23.968309181583265 102.08127983855648 44.376556592009386 63.15569048735824 105.94971121421018 55.097714079275995 56.51296821233579 40.69313822166874 67.99185174968434 69.49059885411262 91.42870556987381 63.34886267890418 0.0 57.168994713522764 75.66172113745968 107.01780169956326 70.59116952155763 76.05135400953957 37.99011331197209 81.6904081412813 37.716567031449735 63.421050101693055 102.34827277946054 90.9998999095948 97.74823074247632 
71.69276444090855 8.17968856430249 69.46432387571768 57.30700825331498 47.972624956398334 12.550577563519797 85.01386973355524 88.60020791495094 64.25985307866375 63.30937590294799 15.565816791699227 102.29103414926165 36.7419947956512 8.7305774251735 91.95644404295177 27.236907752499338 50.59656595909786 68.94504840370627 44.77855420538827 62.19279560652664 48.221393424660796 93.39674483445492 14.45046792355007 57.470756721406744 78.95394488290326 55.723230701893826 74.25591817756812 83.23592414735332 12.74168744401848 61.51105373724808 101.66692290132276 95.43348394826492 57.168994713522764 0.0 102.6550063911658 86.38941289736601 16.37749553690969 84.04509153097506 21.540145825818854 85.70915571407279 60.317500073134724 54.42959917492779 83.13180550196212 75.13508782083947 68.0623789911107 
50.706443635126966 94.48584511237596 45.476763289447184 46.54757003368299 55.01206252829251 95.75631843588626 58.610678744353244 39.0766189561655 38.41938181747129 52.93097318827142 109.50623988318118 26.378180366847538 66.7781679141778 107.0623012271267 44.708313726214435 101.5541799539312 53.025359360379625 89.90065408880247 93.84366977945812 55.918696164658705 60.71442586129408 59.70291214741867 89.45927540819498 52.72253852405806 85.80872638222253 49.4917502828738 28.623922802219013 37.93301380678712 105.28152827314304 53.70619554640126 29.673859972032254 13.370844775855257 75.66172113745968 102.6550063911658 0.0 77.8772761697818 105.10189225529213 30.907443985028284 83.59679751035138 36.43713101407167 44.16188561747558 56.5102001754156 73.7790987804255 65.15124017708843 85.51660280555795 
96.69330919815563 81.43051241763078 89.28162301675792 56.08959622541743 68.78819559836545 73.91855149399363 19.287795183458456 38.920492279793045 65.26539272029532 36.78462185595298 80.93551087415885 55.58581767633842 61.56168596816192 83.88488790005717 34.29398918298478 65.03148033134337 71.41221667268094 23.472007613294355 46.08074774670763 34.89358730768707 83.08527279702709 20.98969487001587 82.58497043118248 44.09887574289951 12.317806303472727 52.51107140524126 62.93686880642342 94.89736866890068 78.94363156301519 37.8949152510979 52.383882793381815 83.24744052961611 107.01780169956326 86.38941289736601 77.8772761697818 0.0 76.0242014883192 47.6543017121014 82.52264190326756 41.49548000883837 73.51131579830495 43.59838662210706 4.821909764193195 16.318385522771504 21.27659637757713 
81.38392150158558 19.163632594135425 77.88612685193534 58.56124926490141 53.06214139650913 10.618803809785977 77.93047966262407 84.99434681935938 67.69868613345291 59.36206691883517 5.1091581522250635 100.54844035843358 38.65502779080903 9.13716018510296 87.23224463763432 12.025581781930983 56.35668132645269 56.260962871939086 31.292514143731218 57.55186901640618 57.351339480002416 86.12391870906066 26.22687272735359 55.167851057492335 67.14603838379384 55.89900551763462 76.52611793279402 91.22875667861138 3.796901017481025 57.70616774326048 99.38876677482737 99.75710715790997 70.59116952155763 16.37749553690969 105.10189225529213 76.0242014883192 0.0 82.45262628481514 32.763509242396296 82.79066386598997 66.02515886909674 51.58680031738963 73.38519663508696 67.044762810697 56.13719315172513 
57.40622584698311 76.31033981636898 50.005998097086916 28.20524937698782 42.38093573449565 74.61925365694943 28.713389675136934 11.167752078392612 28.668470063236036 24.392817189124564 87.32130403384669 18.262358076145517 47.577026236512225 86.42443716639508 17.996876607624525 76.51517052274424 42.56342177929598 59.133644633050395 65.62507665799237 27.069002915702452 54.23433772123247 31.853376428291053 73.13299969786355 27.285943543839622 54.95892361434462 28.60190291571443 20.2897704533594 51.101948363292735 83.49375874955481 25.677584899074645 17.771223743757123 35.71081580853931 76.05135400953957 84.04509153097506 30.907443985028284 47.6543017121014 82.45262628481514 0.0 68.97731068477445 6.918976976475818 38.344195315198036 30.895525904443602 43.322936885908206 34.2563874973303 54.762646988975156 
50.176151787662874 14.291765418209597 47.98625245587757 40.8663035595733 28.67584246346838 22.666376345050264 76.42243749445416 75.52841598239459 45.406003925663875 52.213420419178355 34.60520906275032 86.79214980544117 22.689050663973443 28.99731466359047 80.04974767803711 38.82075597658918 30.61713906489153 70.12735288794205 49.97667607892586 52.07093345790664 26.727478361080788 84.66548656251545 7.1305861726903 44.97057866934724 77.90423341296564 40.566834964621535 55.965911556255335 61.78632760722483 30.453632216244877 50.412041667463676 86.72333354735267 75.28893835077943 37.99011331197209 21.540145825818854 83.59679751035138 82.52264190326756 32.763509242396296 68.97731068477445 0.0 71.98881293254216 40.00370597109263 42.943371914999524 78.47001593596075 68.53092453136057 67.95824284976153 
63.90964002621289 78.22021725468977 56.45302746360797 31.93209877196402 46.6605895834469 75.61334803580198 22.311433749707703 4.467170596438704 34.286208544229964 23.51537058179599 87.76899441695842 18.494272687679953 49.895496295891576 87.41753126869862 11.21684485206853 75.96507272618094 47.28108915299014 54.68661130949478 63.561402675291404 25.70457469034928 59.26929849795003 24.964379264214266 75.62088393085111 28.247048325253658 49.54993808663772 31.45329101267592 26.778592605613817 57.975337843868104 84.13079780228456 25.107987849423154 16.74248588962296 42.312988569213964 81.6904081412813 85.70915571407279 36.43713101407167 41.49548000883837 82.79066386598997 6.918976976475818 71.98881293254216 0.0 44.01675763517187 31.473374076737567 37.34358200055187 29.151546651760146 50.375254968004064 
23.423536267248295 52.19615865716987 16.387701656665975 17.645039734961845 12.972044413808844 55.71762946043553 59.029852869969595 48.431344714136465 9.730680253179438 36.799845292863004 69.71128751788363 53.13958684416343 28.310159850682915 65.98508601068814 54.81124022607366 65.8354806087963 9.782486260291043 73.13410971657729 65.27804832849935 39.02481227430137 17.10737046764045 65.46469909103463 46.3660807002168 30.143956973441192 75.15550256626288 21.70189712648624 19.347265524287216 26.733668896843536 65.30808751983287 35.887068731416626 54.19296777981436 35.289419558991035 37.716567031449735 60.317500073134724 44.16188561747558 73.51131579830495 66.02515886909674 38.344195315198036 40.00370597109263 44.01675763517187 0.0 32.021639195086934 68.69607471860178 57.1965179069566 69.23267151989612 
55.3603895468834 47.17951926198022 48.40532061753277 14.745625752707726 25.25109021756273 44.14046349141376 33.77154517825113 34.18074077559137 26.193656532201004 9.283448117585039 56.492710870390226 48.96371541816387 20.273102063566302 55.946901340335415 37.720179730543464 45.8629722057848 28.0885191806009 41.16880026211956 37.677973161963386 9.402327884136065 39.506252359647014 41.867915790677955 45.394129092168974 3.812297262473875 43.485426585043115 10.449807308594407 29.982730010326783 57.161092709376106 52.749778255553714 7.4721617668740565 47.8822617041462 54.822482480480126 63.421050101693055 54.42959917492779 56.5102001754156 43.59838662210706 51.58680031738963 30.895525904443602 42.943371914999524 31.473374076737567 32.021639195086934 0.0 38.948758810446975 27.715395157862233 37.21887691486876 
91.87170907150241 77.90604581380582 84.45975740633051 51.29118384680607 64.09222010385157 70.7388155360875 15.478755432872589 35.028659368633285 60.44495239907243 31.987960964298484 78.36375620542712 52.172625780078604 57.224282814711465 81.00137745578974 30.874505907767706 62.703760843213615 66.67642031994758 23.36228410710823 44.187239546523465 30.144763326401907 78.40098220747822 18.78350188335006 78.77915861546992 39.35206661897074 13.677785378499488 47.740325537312565 58.20681675644104 90.12622482987659 76.17332795710648 33.12266018026646 49.06159981800455 78.80166338599692 102.34827277946054 83.13180550196212 73.7790987804255 4.821909764193195 73.38519663508696 43.322936885908206 78.47001593596075 37.34358200055187 68.69607471860178 38.948758810446975 0.0 11.512912132117062 20.39818722788424 
80.40826436749855 69.28133494114131 73.01713529828801 39.77845204675691 52.714632938079696 63.05517056984742 11.687471413378029 27.932530434810644 49.04114813517702 20.47622776794175 72.13152119909132 46.0632804371132 46.685900007641685 73.95909819775393 25.755442314200348 57.32957043985692 55.22968823828733 25.859649692424583 40.50246163534943 18.705975744947736 67.0360501020726 19.282352689672674 69.44614287919785 27.903235472304015 20.76459937311566 36.25001773803057 47.33792980005309 79.01423845618865 69.46681152343483 21.636744511815014 43.325002630600835 68.96806951576788 90.9998999095948 75.13508782083947 65.15124017708843 16.318385522771504 67.044762810697 34.2563874973303 68.53092453136057 29.151546651760146 57.1965179069566 27.715395157862233 11.512912132117062 0.0 21.69970237834435 
92.51245915358126 64.17824367696517 85.61957057112535 51.868033512556856 61.13708405972359 55.52221352870895 32.4649556012445 49.53513597619663 62.9714963003191 34.764258751928885 60.86790371546058 67.72449563083505 49.941366906500335 64.49079280639289 47.376213733286285 44.65588075707135 64.4380172579205 4.3892237615271785 25.280583909825282 31.84043791706058 74.65248950383065 38.272822860060494 66.61047457122729 39.49046601749664 11.011244618567595 47.62823682561725 64.22431559202738 94.00378184447159 59.32247295612925 34.87299564194377 65.02002659728326 87.76055154078175 97.74823074247632 68.0623789911107 85.51660280555795 21.27659637757713 56.13719315172513 54.762646988975156 67.95824284976153 50.375254968004064 69.23267151989612 37.21887691486876 20.39818722788424 21.69970237834435 0.0 
