11
0.0 41.59910503565873 84.03542480774628 58.24433194579364 28.74268054280299 39.453910374774935 57.8108006815483 60.8792126987796 80.75713139348126 88.5528257265577 14.82090083569553 
41.59910503565873 0.0 82.88830043171164 32.16232769122 21.80896178817612 63.334736353059924 49.61524777219138 20.73180336418483 104.0547867601125 120.01637548605709 30.31372187434428 
84.03542480774628 82.88830043171164 0.0 55.96027840301579 66.66490101142944 52.936216805702635 33.292291310021874 80.63574185806635 54.408964988359735 82.36710431203471 89.56585224657742 
58.24433194579364 32.16232769122 55.96027840301579 0.0 29.576775397203246 58.294148609874014 24.783508213295455 24.678968706338765 91.0606521647975 112.96807124886257 53.87006453984332 
28.74268054280299 21.80896178817612 66.66490101142944 29.576775397203246 0.0 41.57356212124296 34.97624588275703 35.517562344421165 82.36394695277099 98.38601624880368 25.610165837057643 
39.453910374774935 63.334736353059924 52.936216805702635 58.294148609874014 41.57356212124296 0.0 41.331627479637724 74.85329608651875 42.41201934102633 56.94088723339271 51.16091266979886 
57.8108006815483 49.61524777219138 33.292291310021874 24.783508213295455 34.97624588275703 41.331627479637724 0.0 48.769730494641394 67.55401028344082 91.30994361002536 59.77336050275312 
60.8792126987796 20.73180336418483 80.63574185806635 24.678968706338765 35.517562344421165 74.85329608651875 48.769730494641394 0.0 112.16969494774698 131.56340874267048 50.827985686590516 
80.75713139348126 104.0547867601125 54.408964988359735 91.0606521647975 82.36394695277099 42.41201934102633 67.55401028344082 112.16969494774698 0.0 28.20675360095921 93.38564955807351 
88.5528257265577 120.01637548605709 82.36710431203471 112.96807124886257 98.38601624880368 56.94088723339271 91.30994361002536 131.56340874267048 28.20675360095921 0.0 102.894827713385 
14.82090083569553 30.31372187434428 89.56585224657742 53.87006453984332 25.610165837057643 51.16091266979886 59.77336050275312 50.827985686590516 93.38564955807351 102.894827713385 0.0 
