12
0.0 70.7056861299766 68.47474268074521 120.47750387241102 93.1084772057064 77.62759085414581 72.0890821799152 49.52474067508001 19.497947767496694 72.74170368942322 43.64381378821149 54.1859714541825 
70.7056861299766 0.0 62.31489473767537 51.193608565581215 22.418418692291016 43.031234574461095 33.714363014742084 41.797972944376625 51.438946491137884 45.86737099075879 28.16648680481938 26.521655588920204 
68.47474268074521 62.31489473767537 0.0 87.66452696140323 76.2853081461413 100.30962875201249 31.667447072076104 83.53454031916333 61.333240069178096 100.2724123401907 48.73258740647156 38.25437326325615 
120.47750387241102 51.193608565581215 87.66452696140323 0.0 31.132938740356973 79.8253429767262 58.080163091028226 90.69331685795098 101.7655875867716 85.72417604730987 76.83769147187445 68.35938600012145 
93.1084772057064 22.418418692291016 76.2853081461413 31.132938740356973 0.0 50.335892694665226 44.72384644558712 59.62053687264032 73.79058645545717 55.6392488218478 50.391212695946486 46.00827559607159 
77.62759085414581 43.031234574461095 100.30962875201249 79.8253429767262 50.335892694665226 0.0 75.69210626133874 28.198047421069727 60.66775637684107 7.1189040578942535 53.34997825388463 62.07810399204912 
72.0890821799152 33.714363014742084 31.667447072076104 58.080163091028226 44.72384644558712 75.69210626133874 0.0 66.17727118813497 57.175217385653745 77.34207721001594 34.06136219958381 19.9108090776105 
49.52474067508001 41.797972944376625 83.53454031916333 90.69331685795098 59.62053687264032 28.198047421069727 66.17727118813497 0.0 33.564147316711136 23.294173596219665 34.964916897108886 47.86634757029462 
19.497947767496694 51.438946491137884 61.333240069178096 101.7655875867716 73.79058645545717 60.66775637684107 57.175217385653745 33.564147316711136 0.0 56.64350274996585 25.408711044436437 37.82276322561009 
72.74170368942322 45.86737099075879 100.2724123401907 85.72417604730987 55.6392488218478 7.1189040578942535 77.34207721001594 23.294173596219665 56.64350274996585 0.0 52.26727548488666 62.315212490537284 
43.64381378821149 28.16648680481938 48.73258740647156 76.83769147187445 50.391212695946486 53.34997825388463 34.06136219958381 34.964916897108886 25.408711044436437 52.26727548488666 0.0 14.204485852941762 
54.1859714541825 26.521655588920204 38.25437326325615 68.35938600012145 46.00827559607159 62.07810399204912 19.9108090776105 47.86634757029462 37.82276322561009 62.315212490537284 14.204485852941762 0.0 
