85
0.0 84.91251657377047 60.980482203063644 64.73573779792196 67.01025492275468 50.60599603055362 67.51961724136089 38.50312918746307 28.94730215471566 34.31953867068654 57.67325521393933 18.794379920066426 23.858357020876518 61.04798380166542 20.069879497399185 79.11572149836667 68.02956721072005 64.07033373136078 73.34636795196613 60.751135595107506 74.20113500853344 30.768540247597088 59.01671602437788 15.55607161240961 79.14516026568215 73.42019996396307 6.829299286321064 26.626964512373785 64.9592219315763 40.53052413671281 53.18528656438315 38.65963160637005 12.819122397815079 17.55711613226162 53.43535407301445 7.67632311315269 33.74278856186858 35.07917725826547 29.974863966990185 87.89034937347188 59.390965834844486 42.61358092630517 65.644559816239 69.76460272101158 65.56766338382756 11.628173517742596 24.900600213781644 18.963570184251843 56.91366928081599 71.03299407732536 25.294012828864677 72.49193757492003 21.018316214122468 65.03758242127932 74.93458266903242 28.568643625081982 60.133265151442956 15.710293125922052 10.298598753530095 52.40667014461217 14.074745302162674 43.111121334701174 58.6985507265123 82.7263108851642 32.64298867775623 75.02496265584182 32.812419707197144 48.9140969898359 66.78995094630896 21.806513608860715 78.1135497076134 20.84010587321389 60.014135875163035 38.734873966503194 16.311077653574095 70.21035846770009 71.04415365890473 57.37630580596675 37.846894215793334 53.361782516599064 15.1035152736531 25.342326855163588 77.31077718173331 49.37957233322685 61.56377511665508 
84.91251657377047 0.0 34.283502740190386 25.929615453771902 29.993212921624185 74.86057873348169 91.37298726177285 63.85261080788758 113.05360865093773 85.02959007849181 95.36610497107011 98.66714237554747 63.90546447684791 62.151512226626636 72.13146847975956 17.972012967138475 81.2277537834648 94.94881462406872 14.176555956089809 45.83364648864594 64.07859238895304 73.08308079305519 45.134691689326736 85.83838339283729 25.83334925986236 84.34132535207436 78.12691027667346 67.43911484028973 86.31947142664586 51.131940224210545 60.91728767993693 62.912210370324466 79.5579412094541 77.77694642947452 55.89932223036229 77.50158440434494 72.9790187463322 52.69018449638625 60.58580642952679 29.366704365385086 89.05571315420119 74.58425423248603 47.877525569552304 82.62649518715534 81.09340415721535 94.8375435525225 64.89992459157303 91.01335120126865 36.283465433772335 59.7003616765159 108.1623155253968 13.677755369803666 97.62752659424359 65.29593314914027 12.22393055425392 57.613024022152864 54.316735401991856 94.74371150705795 83.23616209753224 63.349734201145665 71.14201923942547 51.039301016778154 90.44783744837008 44.794881619278456 91.01946939654651 34.5240768006087 70.22839692949594 86.12191755399007 25.79433018128974 83.22475340787088 41.07490916525757 90.27188881896895 43.621582740156214 78.77253098732994 92.48451694854785 78.92110480870798 90.16504564085827 27.552097501396688 75.23673854886674 58.14873916147063 77.8158094952529 89.82022672172636 15.279232147346827 51.249359544168186 23.593586233360405 
60.980482203063644 34.283502740190386 0.0 8.571492554323664 6.197904910170934 72.63372593187995 57.638939207256584 56.54636117281556 89.88085210449997 74.10937584171495 61.08260511180176 70.54210634776325 46.7914088877095 67.00993207095614 55.43655889215524 20.40944194322548 48.13255654970489 60.83379973444416 32.106401988067404 52.50920060899192 34.348113713319826 61.83425948137775 50.66177653482687 57.15276961426341 18.32146323155447 51.91286940515167 54.915970632370666 37.68219437224181 52.56741532263359 20.970666095774597 26.67308723363226 30.128041910749346 60.30905320407313 49.05969830997975 57.364819598344624 53.3406062582329 63.14993420847984 39.538867521844786 47.08857270256442 26.91076561090528 54.85442623096867 40.72021861464318 57.42145936213496 49.70667933457944 47.6579302113828 68.60525256397315 36.919414019830455 61.667101374395926 39.29967387819718 29.430514923975526 86.15193775522916 21.268344277388582 78.51132747568907 71.56388207410393 32.1238249925469 32.6689215551446 59.80777922125539 74.3137925641912 56.130216204837325 63.59533791603287 47.11738879080417 45.115551044468745 56.20617308447747 25.8676302178331 58.7529912390899 14.923738044230378 38.106724537964645 51.944158815386906 37.39053239580811 52.96769564107687 20.371173010155744 73.07427677561631 9.97783525835924 45.34444952971974 73.0021822991082 46.37100323998518 56.89683785315801 21.267396841486292 67.14618617703397 59.41140073321289 49.89860132515523 58.89675506244056 38.090709296477755 50.14154879913862 18.075211350234433 
64.73573779792196 25.929615453771902 8.571492554323664 0.0 6.982838432320306 70.01882915393827 66.20698997425993 54.8665692148368 93.65435676548401 73.87745463226086 69.51097642391956 75.96343837261838 47.82386545918753 62.57821230676621 56.583600576200624 14.406400272193322 56.62324036355173 69.38589367815801 23.83970582715656 47.229565843148954 41.943949245389724 61.443207338723376 45.54920642678938 62.69579631622247 15.73328562417299 60.29211982566143 58.31363275286788 43.47384529866157 61.13545861754438 26.608502671048793 35.19515768075062 37.39999946934348 62.41376066538765 54.53500296566461 53.435296869652895 57.06375031481033 62.37578111075337 38.91152395750309 46.93025948009941 24.850962998365706 63.383052174959005 48.70623850471014 51.734695499613274 58.171022539944744 56.195917189839825 73.29204330923301 41.88708562261451 67.51709191187746 34.0859679411413 37.11423907593553 89.50769201154716 12.708310253739546 80.84400635525424 66.92493997343011 23.71771874474333 36.18265376377638 55.038882088672445 77.02605023958374 61.026896833405964 60.150314067804885 50.66892669734189 42.576089410949365 64.71177508043506 29.466860565889508 65.87938791047765 17.158033101188913 45.064864008321116 60.19251682019304 30.33603701283963 59.1438018701734 24.08310978039855 74.7229467159505 18.445447140954574 53.05338954697984 75.38558849501423 54.76090536848657 65.42115210042475 15.993049882824739 65.97215483486133 55.5975196237648 55.04865653641095 65.40367781393529 29.7763657934285 46.56027659132104 11.372750614326566 
67.01025492275468 29.993212921624185 6.197904910170934 6.982838432320306 0.0 76.14677251355371 61.37990005998479 60.55582888080837 95.93549165798024 78.87069735157638 65.79520236426913 76.73999492939659 52.00574016646681 69.29838232786453 60.7214389108054 14.612612699402883 51.32629846864033 65.03518426532271 30.196679725960102 54.11216137331828 35.503118162091496 66.49880735734949 52.398679655790815 63.35032597589159 12.166325923094593 54.66470852346265 60.86593035460455 43.87846159314138 56.32639499029509 27.158898913526745 31.265971279895734 36.08717002451102 65.92912361293847 55.257393765865274 59.999907728111275 59.35439326023555 67.63738390981138 44.008651136242335 51.81206644186541 20.93325151046875 59.2265600081246 46.18425064292568 58.679907828423275 52.776562235101125 51.122110013144834 74.76935533640146 43.085400310061246 67.85298495814332 40.931185823307 30.771000384981352 92.1255943554805 18.049347346051526 84.2255475357971 73.7002132262697 29.8482434942077 38.58362347940736 61.830246408481216 80.12685732056796 62.305779829824694 66.57053425342036 53.085607060663406 48.60204383750797 60.681358886420504 22.67588203964275 64.68977121887445 10.562291861806507 44.1411447596954 57.04388918799032 37.28141066072363 59.12967575078458 17.225142442555228 78.570010825353 13.741580522106082 51.01457708782518 78.72438260842681 49.18091607254379 60.23528562078736 22.742718544725278 71.44484242033623 62.130486821263155 56.08703170913006 65.00431317999285 36.01312956660635 52.99564838901409 18.33923097849556 
50.60599603055362 74.86057873348169 72.63372593187995 70.01882915393827 76.14677251355371 0.0 108.79487205515413 17.189787741522373 63.82861511692538 20.659621456271136 102.56780363686049 68.99930034242053 34.58800982394439 17.12267463107237 31.79760868325149 80.4179503977708 105.07887313387849 107.44620903026973 60.722158880458835 30.02968334625011 101.85652635343092 19.99197347765089 30.15353272825608 64.4595007358694 85.15076124986187 110.46160643637147 46.9994665875347 62.18336457673466 104.85243701832606 62.58621306890991 83.18930910838029 71.04953924020447 37.78713648265089 61.6203875972191 19.065923172660387 49.23677244840495 16.986533102227085 34.53995099998722 29.620066602437976 93.87425411988762 101.62120712129929 81.7816978930179 30.705911442690834 106.99076487149425 103.14016561080194 61.14819655322789 57.2396889648138 69.01965588207517 38.882362164455195 97.2379938957221 57.61219439249182 68.82032830157469 44.31681279579484 18.46223096550463 62.66257097200651 51.28167373853035 22.64332369697828 45.8664690201237 58.684232503306696 11.704306396047485 48.131431925074786 27.559049661578698 101.6100202182004 98.4412894088678 80.73789462427261 86.69860447963781 70.62135281233441 92.19109144870278 49.104953626069886 68.6029064328594 92.92294662644052 36.26540582487408 78.53974368161569 80.67040725741518 42.52174549592981 105.73460343262722 111.0168870403271 54.4931752559485 12.80140240628689 16.887597678488596 59.29102988097118 74.20164778986853 60.654803211295594 24.09833020086825 59.90547200392343 
67.51961724136089 91.37298726177285 57.638939207256584 66.20698997425993 61.37990005998479 108.79487205515413 0.0 91.98992349501081 86.76255791519758 98.9821614095592 13.801784270404157 60.432252842252865 74.24725952484307 111.17654344156678 78.86310621000328 74.80128162730922 11.377548342820383 6.843354347698533 89.33667795671613 101.24076635894893 32.23846653215122 90.43568453972446 99.1134528033733 52.69665064569636 68.47751748140149 12.262333694445717 66.53909141916077 46.70030193285998 5.071538637281212 50.14555432432718 31.54682162059145 38.53860563348651 76.97323795421273 50.4926387082639 101.02019755995171 63.81223452409376 93.1421443103238 76.46124760013124 79.3555844027763 71.9037705564168 8.235612655097327 27.03047873795826 106.90223512314545 10.943460457864724 10.557941606918815 65.27113173592842 51.57073456593117 52.00270192668167 89.62966800459205 34.55876281552294 86.94115313536929 78.86886039104408 88.03189837604485 116.0129956530918 89.56551513403183 58.02002365818554 106.02297464921504 82.64718929953038 57.25909771686818 104.51640394797171 62.104905482934946 86.56888740111843 9.408345264787323 55.31471396448155 37.67118578893634 59.20096518675406 38.248636671451905 18.72408337976029 92.153375355629 45.86231397482817 55.2551019760934 88.15655357568484 47.85999428099119 29.13314799375378 83.76949749657186 15.073631596165182 4.7648000458840905 75.09543725902196 98.00751909612742 102.34148266135118 53.09889229896045 44.60762786512681 95.33259051383011 93.86772704768266 74.16300268659204 
38.50312918746307 63.85261080788758 56.54636117281556 54.8665692148368 60.55582888080837 17.189787741522373 91.98992349501081 0.0 58.38309959447473 21.330155014893244 86.3651459577465 57.28966073366761 18.310428010769254 22.60042794076731 18.433311967372045 66.51988344779599 87.97988549354838 90.9246943211716 49.81846318404839 25.03705466273607 84.7816855047178 10.683995779023022 23.920593711742292 50.455388600923705 70.41163199702099 93.34323407581081 33.462653147998076 45.61316728850445 87.94080260115314 45.41722476499988 65.99952635863839 53.98728216338839 26.437185096062834 46.41004946767902 15.44652142610027 35.2360576583037 9.481281124755995 17.533751549864245 12.634621773421047 79.37910474031482 84.98937504931952 65.04573376085597 28.790651438544625 89.89248623393453 86.07605703728538 49.94504890363191 40.58971941931086 55.490811025697894 27.96880981453778 80.20660945503313 52.362429799623584 55.64380531876341 39.382773212025285 26.808218879364382 51.759373324498746 34.20150380019627 22.128866013467498 38.87428736864744 44.857050155252885 14.101222947668663 32.78222393222383 12.954494857206663 85.07354397496499 82.41194776154681 65.81396763805802 71.01138886927073 53.98632142843845 75.82622369838602 39.235784761022664 53.65824986995888 76.9171696052707 30.87285176996522 61.82806180888202 64.30100140562591 35.68782835743177 88.5780930005067 94.07477811041863 40.176385792411985 11.472846735488854 14.995409817283447 44.29242904205487 59.78517296154177 51.24313311165763 14.173295185796007 45.68755249861714 
28.94730215471566 113.05360865093773 89.88085210449997 93.65435676548401 95.93549165798024 63.82861511692538 86.76255791519758 58.38309959447473 0.0 43.23830751341676 74.36329003138891 26.340534050512602 49.66908053210096 78.66647985918527 42.540506497702296 108.0172343930682 90.19182117880071 81.71695143729714 100.82097823277763 83.19177428145353 100.08715192083682 47.99240150817764 81.83217746202311 36.75260654604148 108.07968319010442 95.18954416057113 35.37564031767529 54.139536085197506 85.50765100919807 69.25471387460072 79.60764847513822 65.63834074642561 34.19515264120536 43.21399230977469 73.70727506534394 36.62215710477498 50.200849790159445 61.300030695918394 54.43663791048591 116.79001358121914 78.60637220730867 66.15156045465329 87.17374221864623 91.6886135396027 87.61257312679867 23.06764476787777 53.35931701770886 35.39293576373059 82.36004675689308 97.50457376352044 6.21917327732241 101.02339180723924 19.578389670349797 81.5460049472534 102.51801043072349 57.509948555870125 80.24982601232256 19.5957969858629 35.0494270901663 70.17693620427332 42.9892282745241 67.09126427672864 77.3656795979808 110.91281009665725 49.10564273817053 103.75648607211872 58.5290118065579 68.4566852013551 93.0501141354566 43.55043778242965 106.50806456272406 27.99816773270397 88.42990332743018 61.00049722192767 22.700459912932107 93.06797266468108 91.01944243316618 85.5326339557195 52.19658905753475 72.88459363305306 41.46088116589 42.49165629422424 104.25612977330076 71.82400346540015 90.00556562367005 
34.31953867068654 85.02959007849181 74.10937584171495 73.87745463226086 78.87069735157638 20.659621456271136 98.9821614095592 21.330155014893244 43.23830751341676 0.0 90.69586762829482 51.30237985560088 28.145917027442373 36.53046759215099 20.794163636921407 86.48780157838611 97.2812514779706 96.49270760654204 71.06952833783279 45.041474650722876 98.16823885587048 12.443011935129723 44.32218046302637 49.58857367919514 89.60715936269992 102.77540253196072 32.89559894047472 53.00929802463078 95.67538974179456 58.921500322263825 77.79055768200139 63.93672553977081 22.399576632332526 48.94763129668187 34.06065786041528 35.55228441077921 12.052910740162016 34.96715276981351 27.060251242768498 98.70790504699035 91.19896346208137 72.33764007185893 47.6224045524429 99.14906137856397 95.05332509289424 43.312067786191946 48.72761682539232 53.27974890743407 49.29819240533014 94.01675704328123 37.03240206598175 76.17600598591837 23.841194934298493 38.80331433177323 73.00234916899524 45.62647704339462 39.82936932852984 26.037174453716272 43.91216336006984 28.686499595627424 36.968293635351635 33.99038391725592 90.82782714613981 99.58469620388034 66.63349585451945 88.98062728466623 61.21745890015633 81.0521170900751 60.56425613235446 55.02871943098572 94.22123305627636 16.28026432475784 77.62100351301518 69.90256369841654 22.792240855205023 98.66366395971738 101.9041767053817 60.297446434855985 10.741135428125576 32.58667716748764 46.37444970262215 59.4980418193597 72.5721069878642 35.16288339583989 65.75300513562777 
57.67325521393933 95.36610497107011 61.08260511180176 69.51097642391956 65.79520236426913 102.56780363686049 13.801784270404157 86.3651459577465 74.36329003138891 90.69586762829482 0.0 48.22104049618513 68.13322038978588 106.94599365884582 71.4650131716264 80.04934501418532 22.652845233251153 7.526527798228601 91.29835552986295 98.76701100938013 42.306641649989245 83.35790296717143 96.63306333765797 42.26001195635855 74.62623427300417 25.42426998478587 57.80989235414181 40.90745082059645 15.353864116507044 48.90059486962534 34.53156214303055 36.043076351448406 68.33070598270174 41.76747595095411 97.03116497488001 55.14361797792309 86.21560284394607 72.31828133615289 73.86567053740848 79.38357434253983 8.03683864455877 22.95562669721115 104.47949845437272 23.089370049901408 20.632444013528612 53.81587813525802 45.97854188676749 40.58826489497388 88.19270905045292 43.39578778954873 75.04524123616929 82.16065394113355 77.42471013121241 111.70972818981029 91.81632109117008 53.683238217394646 102.57710053463586 72.0988955262978 47.41077881539799 99.64412288998122 54.64205911143723 82.75593859839954 6.0866882643395375 64.10784097506821 25.853706815035554 65.72830034617449 32.83811002027554 10.784787716051458 92.35950092671776 35.927228368660025 63.02635320044173 78.5131938784911 52.07324429970747 22.13450693001179 73.58264933532439 26.609754653870706 18.56027623535289 75.70951207169684 91.02522739672881 98.09644462399656 44.326310228599 33.2004940544269 97.19147012653411 90.23439486301753 75.78235628264135 
18.794379920066426 98.66714237554747 70.54210634776325 75.96343837261838 76.73999492939659 68.99930034242053 60.432252842252865 57.28966073366761 26.340534050512602 51.30237985560088 48.22104049618513 0.0 41.815016335814796 79.8423157885114 38.857623842136995 90.23667478158931 64.03488168128135 55.494989296048885 88.36503849081372 79.01113243342989 75.25557096904193 49.375532751943084 77.1966603260987 13.400915170443776 88.79364812264964 68.95077009139052 24.369935215749937 32.880223606435386 59.188854071609214 49.6363464686748 55.58418131548435 42.74391234080995 31.380023611393415 21.49236459002006 72.12559341578738 23.44476568425965 52.31320846019621 52.308163516828806 48.21360271913586 96.90443177408731 52.26760384326445 40.74433407916752 84.06463630986882 65.48566339027991 61.45072533316848 7.990370866400709 34.10545204188358 9.797939298981884 74.03430081334267 73.15188027809293 26.88045799426532 85.50929055221182 31.68877884848037 83.819630631449 89.77797754225502 41.080645269693555 78.8022619758099 26.961212183771632 15.527767447588301 71.19902040126904 28.834784425936352 61.179989501014326 51.04185034944408 88.53818661275085 22.766653336751233 83.05589575267155 34.83505740335277 42.132702535357296 83.16705670577623 18.847219203760048 84.67108330845228 35.77313033688416 67.03587958579054 35.276554766873595 29.512093612958417 67.03319722795463 64.67892116802315 71.65092575963533 56.198088906722184 72.11187796702983 20.95851743156604 16.30527141939457 92.88875833685653 67.7693618329035 75.078258599995 
23.858357020876518 63.90546447684791 46.7914088877095 47.82386545918753 52.00574016646681 34.58800982394439 74.24725952484307 18.310428010769254 49.66908053210096 28.145917027442373 68.13322038978588 41.815016335814796 0.0 40.12470754856899 8.759786007501583 61.47410451834183 70.99740741893123 72.87069871419466 51.236515393918395 37.206089482608135 70.20466233351006 16.947258328978386 35.3816578237903 33.07464598882057 63.413413069984195 76.44293141612252 17.490530985005133 27.59630040567357 70.38997854600073 30.7953513932382 50.1878313044925 37.01247119555562 15.675320946510295 28.282737790587774 31.18222915460628 18.49308399724708 19.294185811316613 11.644443313350212 6.566664892810207 72.53150609003985 67.03325238105317 47.22006345428205 42.34403254837314 72.90118701423106 68.95131679578355 35.38621345279404 22.67657663987068 38.38685650542101 33.21751230661846 65.96428027791833 44.44927952240368 52.73802938526923 33.80734747164478 44.63956820471466 52.974718021348956 17.736761914694526 37.65552899866343 30.866484555820332 27.79121544950218 32.08319015724185 14.763696225456023 19.37006153143824 67.03036837013958 71.82122490127307 47.70483971624553 61.71210316873593 36.03871407561297 57.66294329419782 43.5151651191776 35.6057284493408 66.54492877333605 27.004418529134224 49.579920593493455 46.13379812087041 28.58841371884083 71.95102066037524 76.58257225713297 36.73398211379185 24.112859945584503 31.6191117650115 26.302404583855964 41.97455399264839 54.58899727132258 26.074753888767052 41.706545673430675 
61.04798380166542 62.151512226626636 67.00993207095614 62.57821230676621 69.29838232786453 17.12267463107237 111.17654344156678 22.60042794076731 78.66647985918527 36.53046759215099 106.94599365884582 79.8423157885114 40.12470754856899 0.0 40.99578521519834 70.67246623354707 105.80971822614062 110.87411455949726 48.47494024833411 16.436603723559223 99.22089898473862 31.285916227250116 17.553364958442753 72.9072133202094 76.50070590264598 110.95045825397959 56.05223036541646 66.07657277846938 106.78219777348949 61.9504865327453 82.69578009036408 72.64052215736432 48.73184528546461 68.3961865001084 10.234595086435956 57.7669429396582 28.70366824067357 34.76951082438142 33.729810975304524 84.6332910935573 104.73299684024144 84.7555849525698 14.878607206975872 107.70592485807637 104.1756736209097 72.40244935095247 61.01091737960885 78.01994447906809 28.68421473983982 94.36705319093377 72.47610928528496 58.572204454359415 59.12325560231574 4.847898585835564 50.319870777169086 53.40265376276278 7.911800141581054 59.71956506435988 67.37150714924302 8.712952775208938 54.87543376006705 24.644702055100957 105.04025253686893 91.97380290304667 87.80853348692995 79.73004251426622 74.13663674142713 96.22480528916921 36.694499870046435 75.72912721876646 86.51421546855627 50.67138747587068 74.56390366425534 84.82275085536494 56.39220410646802 105.82502633976895 112.7283667569125 46.589578175102844 26.5307508022338 8.860561179489864 66.42199988910606 82.05994541632452 47.16035467698365 17.637013355582162 51.48994605823718 
20.069879497399185 72.13146847975956 55.43655889215524 56.583600576200624 60.7214389108054 31.79760868325149 78.86310621000328 18.433311967372045 42.540506497702296 20.794163636921407 71.4650131716264 38.857623842136995 8.759786007501583 40.99578521519834 0.0 70.2037543417535 76.65482895935395 76.8175674527438 59.12734802317809 41.505664187478104 77.50830843970104 11.967994233150257 39.934015468050646 32.74284183029723 72.16853224878231 82.14375852345948 15.35421372569585 32.43664133711803 75.3476084733912 38.58835534413834 57.018703811703645 43.152640906641366 8.560633752316049 29.9862432892275 33.48253414967259 17.463603411435262 14.917235315212412 19.450347334388653 11.951772322896796 81.28454698393742 71.27579893399708 51.98056241218081 46.08985015522989 78.53441253310169 74.47114254071806 31.54700042052784 27.999885413479458 37.50430432217849 39.834871576788544 73.44394631164167 36.97548086652484 61.286398669963454 25.522993629663564 45.056116357678484 60.92146780842295 25.07630316182299 40.200133996969726 23.17327095734335 27.001163540567422 32.38435866879852 16.85990264922515 24.625856488567564 71.05392123885586 80.25631045553047 48.95290109516222 70.34504860877914 40.77313356921237 61.39674365518682 50.65318610985271 36.840692175359834 75.03267561073932 18.32890581695502 57.81827870016129 50.01064136238391 20.55096816699758 77.94315418422781 81.57869196988041 45.21842151661751 19.626190024826727 33.3214283237492 27.58334368133048 42.41977287202888 62.10566660915982 30.02333493558671 50.29345010696361 
79.11572149836667 17.972012967138475 20.40944194322548 14.406400272193322 14.612612699402883 80.4179503977708 74.80128162730922 66.51988344779599 108.0172343930682 86.48780157838611 80.04934501418532 90.23667478158931 61.47410451834183 70.67246623354707 70.2037543417535 0.0 64.26221275910088 78.8803250495555 24.35245222858765 54.433636527525444 46.32568674013735 74.06515102737326 53.128828544220944 76.92163245146222 7.946678511698505 67.03636859731502 72.65665335833683 57.57865387327022 69.8045885499823 40.68525386098369 45.60086511069485 50.537459300273895 76.40854730107644 68.76887759382116 62.54134308676855 71.44752922421902 74.68915794852973 51.77499513503162 59.928462341580754 14.06340411405677 73.24396094259977 60.79240963928489 57.96395403164736 65.5533936256233 64.35086153873793 87.68491215178172 56.2119012482091 81.64268307648754 42.20155030839695 42.097038572855276 103.80255582079694 12.169115219474737 94.85767563901618 74.57549881989581 23.125648782409158 50.57743777014439 62.81335681174042 91.17633735284072 75.39017180428445 69.72466601461247 65.04360389945968 53.72606344551119 74.77501633644309 27.014615855288312 79.1623812048916 16.624318603039193 58.495766623508196 71.53885874531605 34.84947864062458 73.11254737971389 23.10818114221935 88.47241009061084 28.051269416806697 65.61803442335172 89.43287023683295 61.71050343952777 73.23236542351508 26.34506097173038 77.89907801914418 64.7981368072031 69.36237948326163 79.19012755153189 28.958589942485972 56.370814355034845 20.835053068668483 
68.02956721072005 81.2277537834648 48.13255654970489 56.62324036355173 51.32629846864033 105.07887313387849 11.377548342820383 87.97988549354838 90.19182117880071 97.2812514779706 22.652845233251153 64.03488168128135 70.99740741893123 105.80971822614062 76.65482895935395 64.26221275910088 0.0 17.428352214146937 80.17665638463221 94.68860780656115 20.863780787519758 87.7179812675404 92.58983298030563 54.35230502505788 57.6642509521228 5.495010742993121 65.91959845928324 44.272051171343826 7.427909141381755 43.89776580552318 23.565300468065313 34.04541566929122 76.00159477653963 50.495818272668544 95.57877473980432 63.21669830780417 90.24510895051876 71.53679010361657 75.45961944125797 60.71767237106244 14.77197820803116 25.46141500043459 100.2560320214637 1.9127219527208277 2.5849866665062184 67.72312025909716 48.68634504461758 54.81483279416489 82.50801756899571 23.28898940904057 89.59927073728382 69.13748749844306 88.99167975552139 110.65646250289304 80.25269039122092 53.79737518364409 100.11807304243797 83.62344318282896 58.0984181852226 99.72355052378785 60.4170747650867 81.19631289079139 16.713970487667414 43.96709087938778 41.696166922172615 48.33179782057303 36.17524617560337 22.452061124105 83.95724216768194 47.324173533734665 44.070651146126195 88.01654301184512 38.179883872690304 29.58124897031616 84.30715312362004 3.9655394354122975 8.970437782774425 66.87869691611736 95.09067738491945 97.08093577958344 53.0204147636294 47.74279214801818 86.1749689365546 88.24874583396961 65.3686991599634 
64.07033373136078 94.94881462406872 60.83379973444416 69.38589367815801 65.03518426532271 107.44620903026973 6.843354347698533 90.9246943211716 81.71695143729714 96.49270760654204 7.526527798228601 55.494989296048885 72.87069871419466 110.87411455949726 76.8175674527438 78.8803250495555 17.428352214146937 0.0 91.98775871739802 101.80237287654691 38.10309350942856 88.59404143365069 99.66674499364655 48.84949810718787 72.9226130242689 19.05721314153074 63.72143718434468 45.31687587836279 10.093572564261702 51.06605291715502 34.223884212018774 38.69713865183121 74.2370859706991 47.59685084611277 100.82053098587902 61.01767486487967 91.38826757689672 76.11051663860214 78.32369778859488 76.91709278578692 6.325036806965475 26.11991797365903 107.50151514962063 17.3723767744555 15.97425265222968 60.841544182816776 50.33602066843786 47.56469536578384 90.67003391478929 39.940388785179785 82.24915477548666 82.09412171445585 84.16989487265472 115.6817211221716 92.35022591518813 57.47452418905342 106.10912519357491 78.81331702362128 53.77243667992612 103.87099755244911 59.959645517265535 86.42061861379202 5.8533334805257216 60.80186265843094 32.91810571345144 63.769331267606724 36.94889369146665 15.446913277190209 93.99109103183982 42.26451383171737 60.32814194403672 84.87200522945442 51.33267020205414 26.834656071430793 80.15580002082754 21.328107071450255 11.529655665381652 77.067862365633 96.23372745054931 102.01415900579183 50.193845790955876 40.14402114225592 97.95232587304572 93.8310184603746 76.60305361781319 
73.34636795196613 14.176555956089809 32.106401988067404 23.83970582715656 30.196679725960102 60.722158880458835 89.33667795671613 49.81846318404839 100.82097823277763 71.06952833783279 91.29835552986295 88.36503849081372 51.236515393918395 48.47494024833411 59.12734802317809 24.35245222858765 80.17665638463221 91.98775871739802 0.0 32.05373774772339 65.67321053746157 59.27000973336236 31.19910006825188 76.06706361227737 31.726729943872716 84.01926735164206 66.51714909879337 58.84334431033871 84.2796462671411 43.857300664429104 57.87395791464079 56.591542599103754 66.89623714546028 68.25138776995615 41.81178009741967 66.20421898543104 59.03475678270658 39.729779835277135 47.34936829411079 38.21208032355923 85.81312385420422 69.20705514007886 34.65646190288012 81.7800174123643 79.59345543994958 83.83806502023157 55.56425060234637 81.44838818751275 22.11555980277501 60.89049577201953 95.68461719471655 12.913955109729752 84.64062957527753 51.88234983347903 1.954485604500378 47.51065541937298 40.58159140810095 82.06931330266231 72.83730083714823 49.25867126032518 60.015910956918546 37.10829210927365 86.97270894524 50.208396014800265 83.36413438131888 38.2762113577328 63.030597899797904 81.31755755207591 11.807926740664639 74.34821863522392 45.46373532440655 77.02989295220102 42.0831127037565 72.61275098583694 79.63996098995354 78.47714664091905 88.86285424355871 17.01470563976549 61.15566507654762 44.07122870886693 67.92080652973358 81.19142459880672 6.001651063697942 37.074164896468275 15.535120205709424 
60.751135595107506 45.83364648864594 52.50920060899192 47.229565843148954 54.11216137331828 30.02968334625011 101.24076635894893 25.03705466273607 83.19177428145353 45.041474650722876 98.76701100938013 79.01113243342989 37.206089482608135 16.436603723559223 41.505664187478104 54.433636527525444 94.68860780656115 101.80237287654691 32.05373774772339 0.0 85.89724435634535 35.71131175183054 2.1362124505924864 69.76789713152431 60.52058077224051 99.56792523287808 54.651762624861874 58.889434492202774 96.56468517222824 51.11322901776824 71.16573377525245 63.105717665225875 50.041059054916836 63.80692613153222 11.28004040227185 55.68090563578882 34.155240857170625 27.847480555177977 30.817321155510115 68.45045568245601 95.51497914986669 75.93506378385055 5.7124941558953 96.54130961127545 93.3128457911571 72.37379611267723 54.03819338702531 75.22374877195027 13.224799768948943 80.96965247923077 77.24901926632496 42.28896346933566 64.38946155545226 20.142053590934104 33.91167858054718 45.534998662385576 8.530482377298455 63.60634518950995 64.78337372792413 18.336534224460152 51.23889167542782 17.907524474109557 96.08346057839881 76.69126067252584 82.65516470757045 64.34945047693837 66.19413353918252 87.98997626013757 20.261757949017138 71.1086562168714 71.30885602327619 55.899468156545154 60.86235839177552 77.02952203289317 60.506998392084114 94.23341709692589 102.238716852008 31.435245511472395 34.30787036974808 13.248112755062795 62.30221576452097 77.90713832525812 31.03544748742477 11.48356835866379 35.923924724224264 
74.20113500853344 64.07859238895304 34.348113713319826 41.943949245389724 35.503118162091496 101.85652635343092 32.23846653215122 84.7816855047178 100.08715192083682 98.16823885587048 42.306641649989245 75.25557096904193 70.20466233351006 99.22089898473862 77.50830843970104 46.32568674013735 20.863780787519758 38.10309350942856 65.67321053746157 85.89724435634535 0.0 87.0629199569147 83.93002988537629 63.34747060794316 38.98953927492877 21.820303809410227 70.3151365168241 47.73851510713795 28.012366946175987 39.59732670041056 21.069917784992185 35.66743097213723 79.15040077776273 57.283278919906344 89.14704401332737 67.8510295544569 89.13958827738398 67.31664364215456 73.11299321922944 40.66809655385715 34.292604444618355 34.632595177922646 91.0919354332523 21.47801033595079 22.134006668728347 77.0197147643403 50.6844464777633 65.48083783199057 72.8761321256313 4.946319162800035 98.28759418867298 53.44993231164772 94.89966721592903 103.96151337865277 65.35096630308206 52.54830365214587 92.5596417536011 89.77277906378553 65.51402656194635 94.50183159497514 63.355498525209356 75.49215667434821 36.22494964401676 23.338915538866818 55.13135231881437 29.74010456212641 41.71861944892535 38.468292954528586 71.73863317840373 56.702980048193794 24.269085983306237 92.06815345283555 25.092848085765254 40.365136092886026 89.6848381971952 17.283440052508187 29.23662932872062 55.35260563907823 93.75907920839249 90.97793625423925 59.41260834332984 59.44694171200401 71.5149127792102 81.71037062930799 52.41818391042332 
30.768540247597088 73.08308079305519 61.83425948137775 61.443207338723376 66.49880735734949 19.99197347765089 90.43568453972446 10.683995779023022 47.99240150817764 12.443011935129723 83.35790296717143 49.375532751943084 16.947258328978386 31.285916227250116 11.967994233150257 74.06515102737326 87.7179812675404 88.59404143365069 59.27000973336236 35.71131175183054 87.0629199569147 0.0 34.602561452730754 44.47817643862653 77.17069430824992 93.18484045239863 27.016004219680074 43.78853324961075 86.7769933766412 47.53041657389961 67.13501863704842 53.841609675132304 18.000747983227335 41.953256635592226 25.735674038034404 29.294913528402382 3.0055648223083544 22.539817539615782 14.748532473531526 86.26846751560093 82.96468977504404 63.45104067041152 39.300524706054176 89.61416103214532 85.61394596869621 41.66051478977799 39.094736642164136 49.03338478904461 37.90500926142938 82.75666112793144 41.905200554474824 63.8633646802077 28.79377965616476 34.821072747786005 61.18215063789339 34.67962446524591 32.257842638882835 28.649089499020448 38.698580642380584 22.594679330445363 28.715864323311813 22.217196925918852 82.80434963857124 87.43130575039 60.87819184042843 76.6685287460218 52.21551330685037 73.20371448299643 49.203985422485104 48.788996676338435 82.03276719849961 20.254670052396662 65.72571485705838 61.76164180197038 25.379123039216655 88.7854522165592 92.99781068824132 47.92130281379682 7.67064698752097 24.90156134372691 39.549655753780556 54.24978146708831 61.16320725724501 24.791602925255575 53.359074163019685 
59.01671602437788 45.134691689326736 50.66177653482687 45.54920642678938 52.398679655790815 30.15353272825608 99.1134528033733 23.920593711742292 81.83217746202311 44.32218046302637 96.63306333765797 77.1966603260987 35.3816578237903 17.553364958442753 39.934015468050646 53.128828544220944 92.58983298030563 99.66674499364655 31.19910006825188 2.1362124505924864 83.93002988537629 34.602561452730754 0.0 67.82116577230553 59.06643144790816 97.48030283235738 52.8536945695823 56.783400553689034 94.44172264470158 48.990251796781244 69.07454968237865 60.96998049852057 48.4862524177711 61.79305365730086 11.129051189696435 53.83086063635379 33.188257943661284 25.8257714086296 29.050078991054566 67.10847684010878 93.37975882193302 73.79921023878154 7.8469801396088705 94.44454614339627 91.20528786867396 70.63049688831696 51.9425878938943 73.28880505953919 11.467606918013661 79.00706650806542 75.92909772939667 41.01980390717612 63.16289537462352 21.530055929628972 33.09026530088247 43.423669368436514 9.687490130332007 62.23730545729017 62.87816598015101 18.46215211361281 49.30226868847092 16.029494863869328 93.94736942048516 75.01587953103156 80.59824451612677 62.69201558508551 64.06831211604914 85.85649299463296 19.395205465704585 69.08417243414208 69.6123692771011 54.70696752639917 58.91747393992615 74.9028861996137 59.17363182175254 92.15330265672259 100.1226901750147 29.679175596841862 33.62379617215613 13.266158347590691 60.31409972069375 75.89734597907672 30.567531334688322 10.00851289389026 34.29110314221831 
15.55607161240961 85.83838339283729 57.15276961426341 62.69579631622247 63.35032597589159 64.4595007358694 52.69665064569636 50.455388600923705 36.75260654604148 49.58857367919514 42.26001195635855 13.400915170443776 33.07464598882057 72.9072133202094 32.74284183029723 76.92163245146222 54.35230502505788 48.84949810718787 76.06706361227737 69.76789713152431 63.34747060794316 44.47817643862653 67.82116577230553 0.0 75.39507052071527 59.58572215960699 17.462194562313297 19.480864516443532 50.54205716276747 36.27450962957516 43.054736547670814 29.638115263433622 27.385079994038293 8.161317636284187 64.2448339068782 15.30128361284524 47.480540887807734 42.15940160735884 39.638805150391484 83.50959963160967 44.48638775624202 29.567189381242798 75.12051108480242 55.97983576082813 51.81214050322734 13.704029827428279 20.980501098167974 5.542828314481119 63.303886082720005 60.871878607426005 35.40223465454793 72.53390605459622 35.36062454474815 77.24947886473898 77.39195660546042 28.556553430157905 70.72842523557694 29.986937330962792 5.789911550959233 64.55147457555225 18.536500275766745 51.88988335247074 43.64565681734704 75.44593931393145 17.10344291624849 69.6928478929185 22.00930689814954 33.97658100737022 71.70292002140755 7.028439656772207 71.45530899616342 36.34103152096412 53.71614072039864 24.780509505982618 31.33055108092204 56.92963229632994 56.47421904203321 59.17143154568477 51.9577184556701 64.59622778334558 8.15542084670443 9.9200763180718 80.84265710420641 58.98208285469684 62.30237413227209 
79.14516026568215 25.83334925986236 18.32146323155447 15.73328562417299 12.166325923094593 85.15076124986187 68.47751748140149 70.41163199702099 108.07968319010442 89.60715936269992 74.62623427300417 88.79364812264964 63.413413069984195 76.50070590264598 72.16853224878231 7.946678511698505 57.6642509521228 72.9226130242689 31.726729943872716 60.52058077224051 38.98953927492877 77.17069430824992 59.06643144790816 75.39507052071527 0.0 60.114219982049946 72.95333443038678 55.91420892362563 63.554271914879 39.28709504897771 40.61309567500517 47.53636242563211 77.72077997180985 67.33073955111932 67.8901822458365 71.48250903895274 78.07222928619085 54.64298547842321 62.66153518396555 9.129483570160152 67.51297902357905 56.62532418323463 64.40883268407224 58.852418331260004 57.94605892465505 86.9254148497492 55.23967238532346 79.80561826505026 47.82629318717951 34.984616557146325 104.21925575758236 18.990492355051394 96.08969249945837 80.59569318615364 30.659539824813965 50.666848012377876 68.73500727759665 92.09029874943138 74.45141496505518 74.87464285809638 65.1893260812441 57.92105386201231 69.13504674213311 19.06881706627427 75.95415048524679 9.355884500961581 55.699652298388116 66.69403741561291 41.55656763135204 70.99083224234239 15.285911529208365 90.207645532951 23.5170337385578 61.7940936909304 90.60167494843053 54.901753905005364 66.61866324925647 30.660631663235467 81.60192561455209 70.1123890687677 68.2108671564191 76.6899350096207 36.63733367154387 61.34293334151078 25.30604452667409 
73.42019996396307 84.34132535207436 51.91286940515167 60.29211982566143 54.66470852346265 110.46160643637147 12.262333694445717 93.34323407581081 95.18954416057113 102.77540253196072 25.42426998478587 68.95077009139052 76.44293141612252 110.95045825397959 82.14375852345948 67.03636859731502 5.495010742993121 19.05721314153074 84.01926735164206 99.56792523287808 21.820303809410227 93.18484045239863 97.48030283235738 59.58572215960699 60.114219982049946 0.0 71.38620136210322 49.766385907637826 10.364406846140978 49.0015863999402 28.41187385070651 39.46184619932224 81.48638026735729 55.9039453418251 100.71617802866568 68.6802049110314 95.70118803466171 76.79929950865612 80.84707300860345 62.4310130765248 18.112759829309823 30.901750315156132 105.10071601774206 3.6636700646570515 7.85583697224068 72.86524900731241 54.16912053108624 59.86161549397665 87.24163266971138 25.178887990596824 94.73888021275955 72.63704856767434 94.35885500438586 115.7945980070461 84.00070677087734 59.18329695158364 105.15186592212459 88.98466106862695 63.44177365075415 104.97097202560994 65.91127088574564 86.36673090045392 19.92122441694451 45.14656407063425 46.42491414820827 50.76028687973873 41.665624987087895 27.000602102083477 88.2839606495319 52.56308821451624 45.89976471073441 93.47014037887068 41.936725825524846 34.857799903606534 89.71014547704706 5.5464258442053636 8.048277852130708 71.24979338604864 100.54346805062583 102.25099826109995 58.43947107159036 52.70030112064245 90.00188977101212 93.36033784568923 69.47018157612229 
