9
0.0 34.15760570082445 89.68988081916581 65.07758585832228 74.41635804863421 50.34278915183952 54.28833005924211 87.947266304189 77.78252631893388 
34.15760570082445 0.0 64.79828509562492 33.82104278144203 41.1289406090161 16.90211541673983 74.64883491821452 57.03360256416675 70.2398879634928 
89.68988081916581 64.79828509562492 0.0 34.676708275238994 39.209626089829314 62.06012120741563 94.73282254580202 23.543790707499546 44.085204649508476 
65.07758585832228 33.82104278144203 34.676708275238994 0.0 12.739502152412154 27.53460494075551 89.30452327735874 23.258358405497933 59.07567023556895 
74.41635804863421 41.1289406090161 39.209626089829314 12.739502152412154 0.0 29.68173573563038 101.89470043495385 19.897324268855584 70.31465326508533 
50.34278915183952 16.90211541673983 62.06012120741563 27.53460494075551 29.68173573563038 0.0 90.58482643677796 48.52958939305309 77.92163447094856 
54.28833005924211 74.64883491821452 94.73282254580202 89.30452327735874 101.89470043495385 90.58482643677796 0.0 105.92946606591232 58.41968290343969 
87.947266304189 57.03360256416675 23.543790707499546 23.258358405497933 19.897324268855584 48.52958939305309 105.92946606591232 0.0 63.628173113380505 
77.78252631893388 70.2398879634928 44.085204649508476 59.07567023556895 70.31465326508533 77.92163447094856 58.41968290343969 63.628173113380505 0.0 
