30
0.0 37.14353951258718 41.91953546149358 40.05552309393177 15.837622742893366 62.721290344935674 42.02698559408796 55.6399911400566 21.903404104293895 13.151688933018368 40.2891176065241 53.789610257568434 21.976226344622614 52.50919580707045 51.3874623124805 35.69455638330727 52.27367718636501 31.104267531925636 47.96432413881387 33.911549668052125 59.064418066379574 34.032674071383525 32.60475695090241 11.551349289389849 57.702217288026766 20.9436861481891 28.271809588922874 34.80660755230616 25.284348145736306 58.27121910266363 
37.14353951258718 0.0 78.89163013093484 28.75142642926691 47.354869231943155 25.922622526412887 70.24441705747044 19.052113005570618 45.686773626878754 29.702123962845235 41.88896795391976 32.00371890697863 19.35157229343148 67.06361237950986 30.909303089062213 30.788476296259788 43.3570129526743 7.2965881391142595 14.042888736936767 70.04372065720466 22.93699361974553 22.606141751289794 69.18452081368251 42.20901005558608 31.729927318346302 48.98976669289527 61.317465451564956 61.558250599343616 51.59078432561403 28.150602645083936 
41.91953546149358 78.89163013093484 0.0 73.96634230916473 38.37459120348642 104.61579895833201 43.62118073613539 96.91415087275486 41.74675678663749 52.780471217971225 66.12772332963553 89.10453727994278 63.283196338155086 59.448503454702504 90.35949638293273 68.10475092838426 80.71783277818312 73.02263620802798 89.81142571490476 11.152133469260423 100.0500833978261 73.5353818977624 10.364712145867145 38.33044949514465 94.38271745727198 41.94502194096222 24.13599846642934 44.36708358420325 44.0416323660024 99.29955652121377 
40.05552309393177 28.75142642926691 73.96634230916473 0.0 55.498426926593375 47.02187052553281 81.66791596274975 34.30337127862262 32.64686655563358 42.202851522059234 15.211650921919771 15.156683549919265 37.715905692627814 41.94037048231007 59.48841735367088 6.084996674792177 15.219894532388551 31.380529328482893 41.709846766980114 63.18070832811412 35.06421503637462 47.961237009136504 63.6106210885118 36.64042534811988 20.85064033024581 59.74640484552338 51.116744422400394 73.85507300516718 63.6949470548362 56.08536516445145 
15.837622742893366 47.354869231943155 38.37459120348642 55.498426926593375 0.0 71.17790521976389 26.239531345021625 66.4065731101584 35.591369353637816 17.711010864348793 56.049116810023946 68.64367564138979 28.62452355318394 65.89737535851454 52.36959343944404 51.40597021178396 68.08533026272457 40.3224955507673 55.22986922762052 34.323416643266185 70.2299007806202 36.17026753410833 31.883269158095484 24.92996352972971 72.02942461873477 5.912573100757804 34.68416595239193 19.030642501853272 10.240399088069795 62.54692154249747 
62.721290344935674 25.922622526412887 104.61579895833201 47.02187052553281 71.17790521976389 0.0 91.2777812945687 13.150852765430887 70.95329299701794 53.61451870758753 62.11456988901219 41.292015644795455 42.59980957627687 88.71306362628093 32.918811808247845 51.357663783905174 58.13191881085227 31.651011133300646 16.272626460673404 95.94142432898649 14.53300364074504 38.21113628395371 95.02474335270453 68.1113289525369 36.79123306021671 71.68401206849852 87.15659622246012 82.60554399565004 73.4463699097532 19.493877356991444 
42.02698559408796 70.24441705747044 43.62118073613539 81.66791596274975 26.239531345021625 91.2777812945687 0.0 88.95036761487718 59.93790460406297 41.40759895156561 81.98399540020375 94.46125784097299 50.90232947081527 88.8368562864837 65.44291091794358 77.64533733574429 94.30058989353792 62.95051014769886 75.01642264644396 46.38097661784092 93.02781589652164 53.25950368875968 43.323458323730776 49.81520814962388 97.46252121020082 22.126063079865204 53.13464125805153 8.723372721491597 18.765514612990344 78.55030797325341 
55.6399911400566 19.052113005570618 96.91415087275486 34.30337127862262 66.4065731101584 13.150852765430887 88.95036761487718 0.0 60.605430327036416 48.74883267862821 49.4956536862895 28.239415515838015 38.23328062862662 76.2018008260938 38.86603157729326 39.01762217270668 44.984285356400065 26.19603463109865 17.838182021087007 87.53341622329535 4.244397027102005 38.21505732701274 86.94962769664458 59.219411079863974 24.135639474800858 67.95850374655824 77.73957561338632 80.23501736353302 70.4148725868315 28.46751609045316 
21.903404104293895 45.686773626878754 41.74675678663749 32.64686655563358 35.591369353637816 70.95329299701794 59.93790460406297 60.605430327036416 0.0 33.51211155743549 24.854149285422626 47.78025871844963 38.4397386631169 30.648894832665178 68.57342589565708 26.634145230302597 39.260449759759034 42.41362580637341 59.21716781933849 30.74821995457023 62.91780424792634 51.843346333111754 31.504314192631163 10.730271351277704 53.42052231955123 41.38722892374775 18.471104286976413 54.13067609176629 45.78754045651083 72.07276605030493 
13.151688933018368 29.702123962845235 52.780471217971225 42.202851522059234 17.711010864348793 53.61451870758753 41.40759895156561 48.74883267862821 33.51211155743549 0.0 46.83570715167041 53.63044986436 11.020302042268122 63.38942864820273 38.50752051513768 39.44011999044725 56.405249252428824 22.61760545502895 37.86548411829355 45.996036222397635 52.62209741461019 21.20182692448379 44.30407089373922 24.115654977045356 56.208429244604375 19.526017954447266 41.38217133721587 32.94603119101066 22.66749546399356 46.519091126630606 
40.2891176065241 41.88896795391976 66.12772332963553 15.211650921919771 56.049116810023946 62.11456988901219 81.98399540020375 49.4956536862895 24.854149285422626 46.83570715167041 0.0 27.446695908518425 45.769990803599626 26.72915563623207 71.56122726927673 11.147208861135955 14.60806213445234 42.74315959362437 55.57824196643605 54.99267715442638 50.25687305601773 57.91737141881297 56.07278828113067 32.781356317807926 33.88638213090895 61.217597386960584 42.12506213827072 75.0707908217068 65.52254597978148 69.92266556919623 
53.789610257568434 32.00371890697863 89.10453727994278 15.156683549919265 68.64367564138979 41.292015644795455 94.46125784097299 28.239415515838015 47.78025871844963 53.63044986436 27.446695908518425 0.0 46.80039950283968 52.917726878038806 62.00182860334952 21.149395907075213 17.84374892988227 37.34051289901916 41.55187423012336 78.33639981757587 27.160699333437037 54.2161072277489 78.74489673124037 51.53361183772979 6.504463202630495 72.34331060478321 66.24288065674821 86.2992697008654 76.00932971203882 55.04267414202153 
21.976226344622614 19.35157229343148 63.283196338155086 37.715905692627814 28.62452355318394 42.59980957627687 50.90232947081527 38.23328062862662 38.4397386631169 11.020302042268122 45.769990803599626 46.80039950283968 0.0 66.17945707364746 30.28137309696932 36.4835143456201 52.770057780207814 12.070998688056081 26.875524476961832 55.838914263753864 42.22885298202717 13.431084722527613 54.39406278910772 30.97597536683147 48.38763910528853 29.735802407454074 49.71178560838719 42.22801482375468 32.24004591277884 36.302943443054254 
52.50919580707045 67.06361237950986 59.448503454702504 41.94037048231007 65.89737535851454 88.71306362628093 88.8368562864837 76.2018008260938 30.648894832665178 63.38942864820273 26.72915563623207 52.917726878038806 66.17945707364746 0.0 94.87826823483941 37.37142493604963 36.17807288428495 66.45035350310674 81.05953617237311 49.19374752894586 76.97695334166343 79.42017431718881 51.51594398709326 41.33165388391178 59.41311074504891 71.77066431016736 37.464700937651706 83.88879846136552 76.13723288844683 95.18760170714006 
51.3874623124805 30.909303089062213 90.35949638293273 59.48841735367088 52.36959343944404 32.918811808247845 65.44291091794358 38.86603157729326 68.57342589565708 38.50752051513768 71.56122726927673 62.00182860334952 30.28137309696932 94.87826823483941 0.0 60.78125729005473 74.25773909463759 28.827289493746207 21.278216536903837 84.37863501524751 42.73659485969786 17.354987398900356 82.52911315082787 61.192841008464924 60.32707619268729 50.35216456694875 79.60103948217099 57.38861869372102 50.380467207074865 14.6129307594771 
35.69455638330727 30.788476296259788 68.10475092838426 6.084996674792177 51.40597021178396 51.357663783905174 77.64533733574429 39.01762217270668 26.634145230302597 39.44011999044725 11.147208861135955 21.149395907075213 36.4835143456201 37.37142493604963 60.78125729005473 0.0 16.993431991330894 32.06111887877974 44.43231644460262 57.25640083935602 40.17769195623937 47.86619891275488 57.763256037674324 31.207257251775882 26.93362730730056 55.98252460200308 45.09364429289565 70.08686090539578 60.076965563406006 58.78187778303043 
52.27367718636501 43.3570129526743 80.71783277818312 15.219894532388551 68.08533026272457 58.13191881085227 94.30058989353792 44.984285356400065 39.260449759759034 56.405249252428824 14.60806213445234 17.84374892988227 52.770057780207814 36.17807288428495 74.25773909463759 16.993431991330894 0.0 46.52056851914036 55.501677550530715 69.58928609967849 44.51747592527104 63.17605947504474 70.62736940452295 46.310633930652735 24.064631649371222 72.82514482267035 56.732875164136566 86.90222149606223 76.96878205467172 69.7062951260431 
31.104267531925636 7.2965881391142595 73.02263620802798 31.380529328482893 40.3224955507673 31.651011133300646 62.95051014769886 26.19603463109865 42.41362580637341 22.61760545502895 42.74315959362437 37.34051289901916 12.070998688056081 66.45035350310674 28.827289493746207 32.06111887877974 46.52056851914036 0.0 17.229508703182162 64.63190888575265 30.163678186634804 16.986990905617827 63.56517459978003 37.499519139173685 37.90299826785356 41.7660403316333 56.7472395849905 54.26240835935882 44.309310747582614 29.68612007159239 
47.96432413881387 14.042888736936767 89.81142571490476 41.709846766980114 55.22986922762052 16.272626460673404 75.01642264644396 17.838182021087007 59.21716781933849 37.86548411829355 55.57824196643605 41.55187423012336 26.875524476961832 81.05953617237311 21.278216536903837 44.43231644460262 55.501677550530715 17.229508703182162 0.0 81.71887559452036 21.906698097422012 22.11048345091906 80.55151036694949 54.725563320436244 39.30431522893789 55.50309641613919 73.97229776214138 66.33821911540161 57.18858497071538 14.386100721640185 
33.911549668052125 70.04372065720466 11.152133469260423 63.18070832811412 34.323416643266185 95.94142432898649 46.38097661784092 87.53341622329535 30.74821995457023 45.996036222397635 54.99267715442638 78.33639981757587 55.838914263753864 49.19374752894586 84.37863501524751 57.25640083935602 69.58928609967849 64.63190888575265 81.71887559452036 0.0 90.48353141764493 67.16866081157798 3.058721624259425 28.377284153055058 83.74920760765218 39.047784837610806 12.995401484481539 44.983569807226154 42.076271321989296 92.13834440561004 
59.064418066379574 22.93699361974553 100.0500833978261 35.06421503637462 70.2299007806202 14.53300364074504 93.02781589652164 4.244397027102005 62.91780424792634 52.62209741461019 50.25687305601773 27.160699333437037 42.22885298202717 76.97695334166343 42.73659485969786 40.17769195623937 44.51747592527104 30.163678186634804 21.906698097422012 90.48353141764493 0.0 42.45929399174715 90.00161297650402 62.11504565943258 22.31650549625694 71.9204269609318 80.37150723632342 84.31831343976567 74.44945308703878 31.693326927790057 
34.032674071383525 22.606141751289794 73.5353818977624 47.961237009136504 36.17026753410833 38.21113628395371 53.25950368875968 38.21505732701274 51.843346333111754 21.20182692448379 57.91737141881297 54.2161072277489 13.431084722527613 79.42017431718881 17.354987398900356 47.86619891275488 63.17605947504474 16.986990905617827 22.11048345091906 67.16866081157798 42.45929399174715 0.0 65.40287218049396 43.99167120690002 54.32567509141223 35.12637245433692 62.2575963392595 44.66593796248951 36.09683150935981 26.4461235967099 
32.60475695090241 69.18452081368251 10.364712145867145 63.6106210885118 31.883269158095484 95.02474335270453 43.323458323730776 86.94962769664458 31.504314192631163 44.30407089373922 56.07278828113067 78.74489673124037 54.39406278910772 51.51594398709326 82.52911315082787 57.763256037674324 70.62736940452295 63.56517459978003 80.55151036694949 3.058721624259425 90.00161297650402 65.40287218049396 0.0 28.07038979643963 84.01884973317824 36.42949828441659 14.607127533362808 42.000974277942305 39.33547180042492 90.64844314504538 
11.551349289389849 42.20901005558608 38.33044949514465 36.64042534811988 24.92996352972971 68.1113289525369 49.81520814962388 59.219411079863974 10.730271351277704 24.115654977045356 32.781356317807926 51.53361183772979 30.97597536683147 41.33165388391178 61.192841008464924 31.207257251775882 46.310633930652735 37.499519139173685 54.725563320436244 28.377284153055058 62.11504565943258 43.99167120690002 28.07038979643963 0.0 56.43767855194213 30.686906999536195 19.247884866451365 43.64745023512764 35.09279740723748 66.46434108609598 
57.702217288026766 31.729927318346302 94.38271745727198 20.85064033024581 72.02942461873477 36.79123306021671 97.46252121020082 24.135639474800858 53.42052231955123 56.208429244604375 33.88638213090895 6.504463202630495 48.38763910528853 59.41311074504891 60.32707619268729 26.93362730730056 24.064631649371222 37.90299826785356 39.30431522893789 83.74920760765218 22.31650549625694 54.32567509141223 84.01884973317824 56.43767855194213 0.0 75.35546725547097 71.88607274399172 89.12182936159748 78.82212547305627 52.04677825381294 
20.9436861481891 48.98976669289527 41.94502194096222 59.74640484552338 5.912573100757804 71.68401206849852 22.126063079865204 67.95850374655824 41.38722892374775 19.526017954447266 61.217597386960584 72.34331060478321 29.735802407454074 71.77066431016736 50.35216456694875 55.98252460200308 72.82514482267035 41.7660403316333 55.50309641613919 39.047784837610806 71.9204269609318 35.12637245433692 36.42949828441659 30.686906999536195 75.35546725547097 0.0 40.34507803222554 14.116314159960726 4.410575067035202 61.53754075020399 
28.271809588922874 61.317465451564956 24.13599846642934 51.116744422400394 34.68416595239193 87.15659622246012 53.13464125805153 77.73957561338632 18.471104286976413 41.38217133721587 42.12506213827072 66.24288065674821 49.71178560838719 37.464700937651706 79.60103948217099 45.09364429289565 56.732875164136566 56.7472395849905 73.97229776214138 12.995401484481539 80.37150723632342 62.2575963392595 14.607127533362808 19.247884866451365 71.88607274399172 40.34507803222554 0.0 49.72317738297 44.212902807231885 85.59515080462272 
34.80660755230616 61.558250599343616 44.36708358420325 73.85507300516718 19.030642501853272 82.60554399565004 8.723372721491597 80.23501736353302 54.13067609176629 32.94603119101066 75.0707908217068 86.2992697008654 42.22801482375468 83.88879846136552 57.38861869372102 70.08686090539578 86.90222149606223 54.26240835935882 66.33821911540161 44.983569807226154 84.31831343976567 44.66593796248951 42.000974277942305 43.64745023512764 89.12182936159748 14.116314159960726 49.72317738297 0.0 10.302257412387416 70.20171123565908 
25.284348145736306 51.59078432561403 44.0416323660024 63.6949470548362 10.240399088069795 73.4463699097532 18.765514612990344 70.4148725868315 45.78754045651083 22.66749546399356 65.52254597978148 76.00932971203882 32.24004591277884 76.13723288844683 50.380467207074865 60.076965563406006 76.96878205467172 44.309310747582614 57.18858497071538 42.076271321989296 74.44945308703878 36.09683150935981 39.33547180042492 35.09279740723748 78.82212547305627 4.410575067035202 44.212902807231885 10.302257412387416 0.0 62.27062560913183 
58.27121910266363 28.150602645083936 99.29955652121377 56.08536516445145 62.54692154249747 19.493877356991444 78.55030797325341 28.46751609045316 72.07276605030493 46.519091126630606 69.92266556919623 55.04267414202153 36.302943443054254 95.18760170714006 14.6129307594771 58.78187778303043 69.7062951260431 29.68612007159239 14.386100721640185 92.13834440561004 31.693326927790057 26.4461235967099 90.64844314504538 66.46434108609598 52.04677825381294 61.53754075020399 85.59515080462272 70.20171123565908 62.27062560913183 0.0 
